#class tools::wcsv::ntuple
#title APXS Detector Hits
#separator 44
#vector_separator 59
#column int EventID
#column int TrackID
#column int MigrantID
#column string Particle
#column double InitialEnergy
#column double DepositedEnergy
#column double XPosition
#column double YPosition
#column double ZPosition
#column double LocalTime
#column string Volume
#column string ParentVolume
223,112,-1,gamma,22.139,0,6.84854,7.8,0.997147,1.86983,detectLogical_PV,subPhysical
787,107,-1,gamma,22.139,0,5.86566,7.8,2.51306,2.82235,detectLogical_PV,sourcePhysical
1113,131,-1,gamma,20.3967,0,10.3081,7.8,-0.75791,1.56698,detectLogical_PV,sourcePhysical
4391,111,-1,gamma,22.139,0,3.73051,7.8,-2.54004,3.22011,detectLogical_PV,subPhysical
5164,121,-1,gamma,22.139,0,6.1405,7.8,-2.37775,2.35388,detectLogical_PV,subPhysical
7647,107,-1,gamma,21.9609,0,10.6649,7.59342,-0.119113,1.97733,detectLogical_PV,subPhysical
8414,108,-1,gamma,21.9609,0,4.80608,7.8,1.36387,0.178009,detectLogical_PV,subPhysical
8999,109,-1,gamma,22.139,0,8.35734,7.8,1.68406,3.01957,detectLogical_PV,worldPhysical
9586,131,-1,gamma,21.9609,0,4.71426,7.8,0.815498,1.94202,detectLogical_PV,sourcePhysical
9830,130,-1,gamma,21.9609,0,10.6667,7.43368,-0.00695797,3.70138,detectLogical_PV,subPhysical
10371,123,-1,gamma,22.139,0,10.0388,7.49066,2.15148,0.311605,detectLogical_PV,sourcePhysical
10511,133,-1,gamma,22.139,0,8.33799,7.8,2.67274,0.232033,detectLogical_PV,subPhysical
12019,104,-1,gamma,24.9205,0,3.14854,7.8,-0.147744,2.17792,detectLogical_PV,subPhysical
13076,107,-1,gamma,22.139,0,9.30482,7.8,-2.92298,0.27191,detectLogical_PV,subPhysical
13763,148,-1,gamma,21.9609,0,6.30453,7.45361,-3.98357,2.61821,detectLogical_PV,subPhysical
13973,110,-1,gamma,22.139,0,9.48849,7.7071,2.83502,3.1107,detectLogical_PV,sourcePhysical
14677,129,-1,gamma,24.9205,0,3.25935,7.8,0.655315,2.10371,detectLogical_PV,subPhysical
15120,148,-1,gamma,22.139,0,7.51701,7.48451,3.90857,1.09452,detectLogical_PV,sourcePhysical
15250,121,-1,gamma,21.9609,0,4.22936,7.8,-0.60737,0.40709,detectLogical_PV,subPhysical
15720,145,-1,gamma,22.139,0,4.5241,7.8,-3.35493,0.254914,detectLogical_PV,subPhysical
15826,132,-1,gamma,21.9609,0,9.31548,7.50647,-2.9973,5.15237,detectLogical_PV,subPhysical
16693,119,-1,gamma,21.9609,0,10.2917,7.79922,1.69086,0.0128969,detectLogical_PV,sourcePhysical
18259,107,-1,gamma,21.9609,0,9.73683,7.5306,-2.564,0.169767,detectLogical_PV,subPhysical
18293,119,-1,gamma,22.139,0,4.67708,7.8,-0.353552,4.05779,detectLogical_PV,subPhysical
18392,107,-1,gamma,21.9609,0,9.44625,7.8,2.75935,1.687,detectLogical_PV,subPhysical
18529,141,-1,gamma,22.139,0,4.09053,7.8,-2.75464,0.599013,detectLogical_PV,subPhysical
20562,129,-1,gamma,22.139,0,10.432,7.54083,-1.35,1.75295,detectLogical_PV,subPhysical
20765,109,-1,gamma,21.9609,0,10.6182,7.57772,-0.620507,0.689793,detectLogical_PV,sourcePhysical
21766,113,-1,gamma,22.139,0,8.42994,7.8,1.00964,1.10122,detectLogical_PV,subPhysical
22651,121,-1,gamma,25.4259,0,5.38732,7.8,-1.82866,0.0781085,detectLogical_PV,subPhysical
23806,107,-1,gamma,21.9609,0,4.0321,7.8,2.84023,1.24333,detectLogical_PV,subPhysical
24217,112,-1,gamma,21.9609,0,10.481,7.79915,-1.2044,3.41287,detectLogical_PV,subPhysical
24702,106,-1,gamma,24.8888,0,9.46058,7.75607,2.86253,2.8373,detectLogical_PV,subPhysical
26010,140,-1,gamma,6.36271,0,9.10952,7.8,-0.96416,0.276208,detectLogical_PV,targetPhysical
26138,109,-1,gamma,22.139,0,9.67765,7.65706,2.63325,4.60573,detectLogical_PV,subPhysical
26640,134,-1,gamma,22.139,0,6.54715,7.8,-2.66559,0.112445,detectLogical_PV,sourcePhysical
26731,120,-1,gamma,22.139,0,8.61389,7.8,3.04196,1.42493,detectLogical_PV,subPhysical
27568,133,-1,gamma,22.139,0,6.01521,7.8,-2.17156,2.83385,detectLogical_PV,worldPhysical
31820,110,-1,gamma,21.9609,0,8.76733,7.35818,-3.404,1.17802,detectLogical_PV,sourcePhysical
32419,115,-1,gamma,22.139,0,4.70183,7.8,-1.20991,0.552236,detectLogical_PV,subPhysical
32728,138,-1,gamma,24.9205,0,9.91644,7.8,1.76252,0.0792934,detectLogical_PV,subPhysical
33170,134,-1,gamma,21.9609,0,3.88193,7.8,-2.79497,1.25129,detectLogical_PV,subPhysical
35603,138,-1,gamma,6.36271,0,6.35903,7.8,0.976073,0.47542,detectLogical_PV,targetPhysical
35759,107,-1,gamma,21.9999,0,6.42152,7.8,-0.440124,1.56127,detectLogical_PV,sourcePhysical
36253,138,-1,gamma,22.139,0,10.2689,7.6402,-1.73884,1.96673,detectLogical_PV,subPhysical
36317,117,-1,gamma,21.9609,0,6.22217,7.8,-1.7213,0.0246966,detectLogical_PV,worldPhysical
36500,106,-1,gamma,21.9609,0,7.66763,7.8,-0.261923,1.2618,detectLogical_PV,subPhysical
36768,106,-1,gamma,24.8888,0,5.58612,7.8,2.8692,2.05158,detectLogical_PV,subPhysical
38370,109,-1,gamma,22.139,0,6.41035,7.8,-3.49682,0.277303,detectLogical_PV,subPhysical
38792,132,-1,gamma,22.139,0,9.69991,7.8,0.288881,2.51513,detectLogical_PV,sourcePhysical
39987,121,-1,gamma,21.9609,0,3.63035,7.8,0.512306,2.74013,detectLogical_PV,subPhysical
41285,133,-1,gamma,22.139,0,9.4423,7.67042,2.88026,1.22672,detectLogical_PV,subPhysical
42723,158,-1,gamma,22.139,0,6.19226,7.8,0.79556,2.9992,detectLogical_PV,worldPhysical
43311,124,-1,gamma,24.8888,0,5.12769,7.73266,3.69209,2.67053,detectLogical_PV,subPhysical
44685,104,-1,gamma,24.9205,0,10.5959,7.65208,0.749236,0.588955,detectLogical_PV,subPhysical
45310,148,-1,gamma,6.34985,0,9.59989,7.3158,2.7196,2.16415,detectLogical_PV,targetPhysical
45313,134,-1,gamma,22.139,0,10.2729,7.8,-0.37726,1.04137,detectLogical_PV,subPhysical
46079,107,-1,gamma,21.9609,0,9.40833,7.8,-0.923632,0.514567,detectLogical_PV,subPhysical
47063,107,-1,gamma,22.139,0,9.27847,7.58221,-3.0296,1.18265,detectLogical_PV,subPhysical
49962,108,-1,gamma,21.9609,0,3.75584,7.8,2.04917,0.0429467,detectLogical_PV,worldPhysical
50800,145,-1,gamma,22.139,0,4.92198,7.8,0.714134,3.05841,detectLogical_PV,subPhysical
51153,110,-1,gamma,21.9609,0,5.57699,7.8,-3.42632,0.517803,detectLogical_PV,sourcePhysical
51556,111,-1,gamma,22.139,0,7.17223,7.8,0.961803,1.06327,detectLogical_PV,subPhysical
52250,117,-1,gamma,24.9205,0,4.91124,7.8,-2.39294,1.00235,detectLogical_PV,subPhysical
53364,110,-1,gamma,21.9609,0,4.35149,7.8,2.31657,0.263644,detectLogical_PV,subPhysical
53421,106,-1,gamma,22.139,0,3.73457,7.8,1.5769,2.46197,detectLogical_PV,subPhysical
54314,120,-1,gamma,24.8888,0,9.0416,7.38695,-3.21865,2.24944,detectLogical_PV,subPhysical
56051,112,-1,gamma,22.139,0,4.90836,7.8,-2.62797,0.187972,detectLogical_PV,subPhysical
56742,108,-1,gamma,21.9609,0,3.14992,7.8,-0.509914,4.84202,detectLogical_PV,subPhysical
56922,114,-1,gamma,22.139,0,6.79386,7.8,0.0268234,2.06854,detectLogical_PV,subPhysical
57350,139,-1,gamma,24.9205,0,5.57699,7.8,-3.02405,2.29325,detectLogical_PV,subPhysical
58765,105,-1,gamma,21.9609,0,4.10157,7.8,-2.85995,1.71618,detectLogical_PV,subPhysical
61618,142,-1,gamma,22.139,0,6.66479,7.8,1.49165,0.771199,detectLogical_PV,subPhysical
63329,109,-1,gamma,21.9609,0,8.74694,7.6744,-3.4165,0.668854,detectLogical_PV,subPhysical
63780,131,-1,gamma,22.139,0,10.1512,7.8,1.1913,0.066665,detectLogical_PV,sourcePhysical
64628,115,-1,gamma,22.139,0,4.75888,7.8,-0.986733,1.05712,detectLogical_PV,subPhysical
65448,119,-1,gamma,22.139,0,9.259,7.33513,-3.04627,2.46009,detectLogical_PV,subPhysical
65752,110,-1,gamma,22.139,0,7.44585,7.8,2.08835,1.75546,detectLogical_PV,subPhysical
66136,132,-1,gamma,24.9205,0,5.61787,7.8,1.03927,2.25,detectLogical_PV,subPhysical
68128,106,-1,gamma,22.139,0,3.12771,7.8,-1.56122,2.37309,detectLogical_PV,worldPhysical
68606,107,-1,gamma,22.139,0,7.37164,7.8,3.91851,2.43093,detectLogical_PV,subPhysical
69317,147,-1,gamma,24.8888,0,3.60119,7.8,2.41498,1.26901,detectLogical_PV,sourcePhysical
72149,128,-1,gamma,24.8888,0,6.08857,7.8,2.27203,0.45318,detectLogical_PV,subPhysical
72435,111,-1,e-,5.83209,5.64728e-22,9.07007,7.3,-2.32508,1.96635,detectLogical_PV,sddCaseLogical_PV
72465,126,-1,gamma,21.9609,0,4.47415,7.8,-3.15829,0.986944,detectLogical_PV,subPhysical
72589,114,-1,gamma,21.9609,0,8.74672,7.8,-0.230938,1.6266,detectLogical_PV,subPhysical
72596,106,-1,gamma,22.139,0,8.51769,7.32689,3.54594,1.30125,detectLogical_PV,subPhysical
73788,108,-1,gamma,22.139,0,4.77924,7.8,3.40711,7.07272,detectLogical_PV,subPhysical
76150,105,-1,gamma,24.9205,0,3.89232,7.8,-0.8353,0.392121,detectLogical_PV,subPhysical
76292,107,-1,gamma,22.139,0,4.03334,7.8,-0.766916,1.71089,detectLogical_PV,subPhysical
77059,141,-1,gamma,22.139,0,3.24773,7.8,0.754567,0.149268,detectLogical_PV,subPhysical
77977,106,-1,gamma,22.139,0,10.5847,7.42281,-0.805542,1.90561,detectLogical_PV,subPhysical
80451,105,-1,gamma,21.9609,0,5.91352,7.8,-0.151811,0.131053,detectLogical_PV,sourcePhysical
82751,107,-1,gamma,22.139,0,6.12721,7.8,-0.873675,0.434742,detectLogical_PV,subPhysical
83172,106,-1,gamma,23.3012,0,8.25494,7.8,2.32264,0.294662,detectLogical_PV,worldPhysical
83175,111,-1,gamma,21.9609,0,10.5515,7.48925,0.952853,0.961419,detectLogical_PV,subPhysical
83589,147,-1,gamma,22.139,0,4.73912,7.8,-0.00371914,3.04932,detectLogical_PV,subPhysical
83773,111,-1,gamma,21.9609,0,7.9216,7.43922,-3.79805,0.0140276,detectLogical_PV,subPhysical
83936,106,-1,gamma,24.9205,0,10.6658,7.3767,-0.0846941,0.580767,detectLogical_PV,subPhysical
85021,136,-1,gamma,22.139,0,7.59264,7.8,-2.84093,1.49939,detectLogical_PV,subPhysical
86035,109,-1,gamma,22.139,0,10.2579,7.8,0.283077,1.63659,detectLogical_PV,subPhysical
88662,111,-1,gamma,21.9609,0,4.78705,7.8,-2.38088,2.56961,detectLogical_PV,subPhysical
88744,105,-1,gamma,22.139,0,4.50038,7.8,1.45354,0.0125701,detectLogical_PV,subPhysical
89202,121,-1,gamma,6.36271,0,9.57309,7.8,-2.40857,0.459077,detectLogical_PV,targetPhysical
89278,105,-1,gamma,24.9205,0,3.96143,7.8,0.0686256,0.121224,detectLogical_PV,subPhysical
90401,105,-1,gamma,24.9205,0,5.40013,7.8,1.69702,0.977478,detectLogical_PV,subPhysical
91178,106,-1,gamma,22.139,0,9.85283,7.61668,-2.41834,1.33123,detectLogical_PV,subPhysical
92801,120,-1,gamma,25.4206,0,10.6658,7.46718,0.0812274,2.00198,detectLogical_PV,sourcePhysical
93933,107,-1,gamma,22.139,0,6.18208,7.8,-2.17181,2.53,detectLogical_PV,subPhysical
94542,111,-1,gamma,21.9609,0,5.74307,7.8,0.360146,3.72279,detectLogical_PV,sourcePhysical
97234,135,-1,gamma,22.139,0,3.23961,7.8,0.920553,1.92664,detectLogical_PV,subPhysical
97323,143,-1,gamma,21.9609,0,4.31313,7.8,0.769967,2.41106,detectLogical_PV,subPhysical
97395,107,-1,gamma,22.139,0,3.66067,7.8,1.93345,4.75124,detectLogical_PV,subPhysical
99049,115,-1,gamma,24.9205,0,4.15342,7.8,-0.921169,3.35391,detectLogical_PV,subPhysical
100365,146,-1,gamma,22.139,0,7.98125,7.8,-2.76057,0.0538054,detectLogical_PV,subPhysical
103359,120,-1,gamma,22.139,0,6.42054,7.8,2.55354,0.896776,detectLogical_PV,subPhysical
103404,123,-1,gamma,22.139,0,8.05525,7.8,0.755064,1.14586,detectLogical_PV,subPhysical
103469,131,-1,gamma,21.9609,0,10.4564,7.30476,-1.27984,1.21135,detectLogical_PV,subPhysical
104078,137,-1,gamma,24.9205,0,3.17892,7.8,-0.670518,0.812133,detectLogical_PV,subPhysical
105963,119,-1,gamma,24.9205,0,10.2349,7.8,0.692398,0.844771,detectLogical_PV,sourcePhysical
108639,135,-1,gamma,22.139,0,3.00697,7.8,-0.381719,0.0942726,detectLogical_PV,sourcePhysical
109566,141,-1,gamma,25.4259,0,5.50603,7.8,-2.76275,1.3391,detectLogical_PV,worldPhysical
111124,105,-1,gamma,20.8607,0,7.25294,7.8,1.07088,0.324938,detectLogical_PV,sourcePhysical
115575,134,-1,gamma,21.9609,0,3.11961,7.8,0.525532,0.860127,detectLogical_PV,subPhysical
117449,157,-1,gamma,22.139,0,9.41947,7.8,2.52277,0.608185,detectLogical_PV,sourcePhysical
121076,105,-1,gamma,24.9205,0,2.97646,7.8,1.02833,1.92604,detectLogical_PV,sourcePhysical
121133,131,-1,gamma,25.4206,0,5.21402,7.8,-0.780109,0.281788,detectLogical_PV,subPhysical
121825,106,-1,gamma,22.139,0,10.5996,7.40848,0.72937,0.799052,detectLogical_PV,subPhysical
123165,107,-1,gamma,21.9609,0,8.1455,7.8,1.58518,1.14984,detectLogical_PV,subPhysical
123669,127,-1,gamma,24.9205,0,9.92572,7.8,-0.177283,0.242546,detectLogical_PV,worldPhysical
124241,107,-1,gamma,24.8888,0,9.29996,7.60577,3.01094,3.07116,detectLogical_PV,subPhysical
125122,115,-1,gamma,22.139,0,10.5752,7.78335,0.850709,0.989216,detectLogical_PV,subPhysical
125337,141,-1,gamma,22.139,0,9.13204,7.78652,3.14991,5.29013,detectLogical_PV,subPhysical
125993,107,-1,gamma,24.9205,0,6.57551,7.8,-0.48816,2.58131,detectLogical_PV,subPhysical
126088,135,-1,gamma,22.139,0,6.46372,7.8,-3.96928,0.931245,detectLogical_PV,subPhysical
127482,109,-1,gamma,21.9609,0,4.57191,7.8,-2.39411,1.0574,detectLogical_PV,subPhysical
128992,109,-1,gamma,22.139,0,5.89116,7.8,0.55036,0.0868353,detectLogical_PV,subPhysical
129648,134,-1,gamma,25.4259,0,5.8375,7.8,3.01872,0.174608,detectLogical_PV,subPhysical
130448,108,-1,gamma,22.139,0,6.19465,7.8,-1.74047,0.703066,detectLogical_PV,sourcePhysical
134301,108,-1,gamma,22.139,0,10.123,7.43319,-2.01347,0.789699,detectLogical_PV,worldPhysical
135039,105,-1,gamma,24.9205,0,6.44834,7.8,3.15794,0.174581,detectLogical_PV,sourcePhysical
135113,111,-1,gamma,22.139,0,8.90627,7.8,0.962691,1.23328,detectLogical_PV,subPhysical
136086,110,-1,gamma,22.139,0,3.38236,7.8,-1.52248,0.397212,detectLogical_PV,subPhysical
136208,106,-1,gamma,24.9205,0,4.60864,7.8,1.41638,0.830836,detectLogical_PV,subPhysical
136259,106,-1,gamma,24.9205,0,6.19822,7.37529,-3.97247,1.09187,detectLogical_PV,worldPhysical
138112,114,-1,gamma,6.36271,0,9.96442,7.8,1.54096,7.48858,detectLogical_PV,targetPhysical
138861,106,-1,gamma,21.9609,0,8.72008,7.8,-2.50236,1.73551,detectLogical_PV,subPhysical
139056,122,-1,gamma,21.9609,0,8.90802,7.8,-1.82794,2.25228,detectLogical_PV,sourcePhysical
141647,117,-1,e-,18.1075,1.92337e-22,6.90202,7.8,-1.39592,0.297352,detectLogical_PV,sddCaseLogical_PV
141675,106,-1,gamma,21.0947,0,3.82993,7.8,-2.10251,1.55516,detectLogical_PV,worldPhysical
142072,132,-1,gamma,22.139,0,10.5464,7.64332,-0.97355,1.72942,detectLogical_PV,subPhysical
145590,123,-1,gamma,3.6598,0,5.65266,7.8,-1.89475,1.45251,detectLogical_PV,targetPhysical
146513,115,-1,gamma,22.139,0,3.84425,7.8,2.17037,1.99041,detectLogical_PV,subPhysical
147598,110,-1,gamma,21.0149,0,5.62793,7.8,-2.94769,1.94012,detectLogical_PV,sourcePhysical
149405,109,-1,gamma,21.9609,0,3.91359,7.8,1.17571,2.03122,detectLogical_PV,subPhysical
149445,137,-1,gamma,22.139,0,9.98173,7.37602,-2.23838,0.750367,detectLogical_PV,subPhysical
149749,108,-1,gamma,21.9609,0,3.58232,7.8,2.33101,0.415199,detectLogical_PV,sourcePhysical
153404,119,-1,gamma,24.9205,0,6.1525,7.8,0.0428035,2.60305,detectLogical_PV,subPhysical
153546,106,-1,gamma,24.9205,0,5.91727,7.8,-0.478959,1.49423,detectLogical_PV,subPhysical
155542,132,-1,gamma,20.0315,0,7.46092,7.8,-1.74648,1.33827,detectLogical_PV,subPhysical
155983,107,-1,gamma,22.139,0,10.4156,7.35381,1.39494,1.3104,detectLogical_PV,subPhysical
156451,110,-1,gamma,22.139,0,6.16204,7.8,1.39189,0.933539,detectLogical_PV,subPhysical
157422,111,-1,gamma,21.9609,0,6.27301,7.8,0.291378,0.111778,detectLogical_PV,sourcePhysical
157853,110,-1,gamma,22.139,0,10.3964,7.45301,1.44532,2.33356,detectLogical_PV,sourcePhysical
160041,131,-1,gamma,24.8888,0,9.70527,7.56271,-2.60132,1.08309,detectLogical_PV,subPhysical
160910,109,-1,gamma,22.139,0,9.95447,7.74028,-2.27823,4.7018,detectLogical_PV,sourcePhysical
164334,119,-1,gamma,22.139,0,3.79754,7.8,1.37621,0.368233,detectLogical_PV,subPhysical
168247,128,-1,gamma,22.139,0,6.7724,7.8,1.71219,1.11597,detectLogical_PV,subPhysical
168662,105,-1,gamma,22.139,0,3.95175,7.8,0.475208,3.72495,detectLogical_PV,subPhysical
169787,108,-1,gamma,21.9609,0,6.53941,7.8,1.16271,0.96812,detectLogical_PV,subPhysical
170337,119,-1,gamma,21.9609,0,9.80623,7.49729,-2.47854,0.0129029,detectLogical_PV,sourcePhysical
171759,128,-1,gamma,24.9205,0,4.03951,7.8,-0.361056,3.21294,detectLogical_PV,sourcePhysical
173649,143,-1,gamma,22.139,0,2.72941,7.8,0.186771,3.13446,detectLogical_PV,subPhysical
173846,128,-1,gamma,21.9609,0,6.16074,7.8,-1.16725,0.625512,detectLogical_PV,sourcePhysical
177516,134,-1,gamma,24.9205,0,10.6597,7.55468,-0.236526,1.36985,detectLogical_PV,subPhysical
178277,127,-1,gamma,24.8888,0,3.20238,7.8,-0.510666,3.42127,detectLogical_PV,subPhysical
179706,117,-1,gamma,22.5449,0,7.79286,7.8,1.65908,1.32199,detectLogical_PV,subPhysical
179741,116,-1,gamma,22.139,0,10.1723,7.8,0.876202,0.3118,detectLogical_PV,subPhysical
180450,137,-1,gamma,22.139,0,3.92596,7.8,1.17285,1.8257,detectLogical_PV,sourcePhysical
180706,133,-1,gamma,21.9609,0,4.36521,7.8,-0.244432,0.82564,detectLogical_PV,subPhysical
181456,107,-1,gamma,24.9205,0,9.88477,7.78073,-2.37567,0.241047,detectLogical_PV,subPhysical
182222,107,-1,gamma,22.139,0,8.19605,7.8,3.47809,0.794064,detectLogical_PV,sourcePhysical
182802,105,-1,gamma,22.857,0,8.61906,7.8,-2.32852,4.49267,detectLogical_PV,sourcePhysical
184068,108,-1,gamma,21.9609,0,9.46363,7.8,-2.67416,0.0840712,detectLogical_PV,sourcePhysical
184110,107,-1,gamma,21.9609,0,8.54009,7.58893,3.53416,2.57047,detectLogical_PV,subPhysical
185373,109,-1,gamma,22.139,0,10.005,7.6281,2.2036,0.224743,detectLogical_PV,subPhysical
186147,138,-1,gamma,22.139,0,5.75029,7.8,2.85464,0.872547,detectLogical_PV,worldPhysical
186415,112,-1,gamma,22.139,0,6.6122,7.8,3.35334,2.55518,detectLogical_PV,subPhysical
187132,121,-1,gamma,21.9609,0,8.74035,7.8,2.80331,0.854722,detectLogical_PV,subPhysical
187744,113,-1,gamma,21.9609,0,10.5818,7.4979,0.819408,0.486073,detectLogical_PV,subPhysical
188318,106,-1,gamma,22.139,0,2.99986,7.8,-0.481361,3.39826,detectLogical_PV,worldPhysical
190624,131,-1,gamma,22.139,0,6.30445,7.8,2.86243,1.40988,detectLogical_PV,sourcePhysical
191533,135,-1,gamma,24.9205,0,4.93646,7.8,-0.905305,0.667761,detectLogical_PV,subPhysical
192300,116,-1,gamma,22.139,0,9.54911,7.8,0.734413,4.06069,detectLogical_PV,sourcePhysical
193379,129,-1,gamma,21.9609,0,8.99554,7.8,1.2818,3.10255,detectLogical_PV,sourcePhysical
193453,119,-1,gamma,21.9447,0,8.62409,7.8,-1.92362,1.53818,detectLogical_PV,worldPhysical
193641,104,-1,gamma,21.9609,0,6.61839,7.8,-3.91494,2.18746,detectLogical_PV,worldPhysical
195817,108,-1,gamma,22.139,0,9.59065,7.8,2.4491,2.11825,detectLogical_PV,sourcePhysical
195889,105,-1,gamma,22.139,0,8.29987,7.60365,-3.65139,1.29577,detectLogical_PV,subPhysical
196488,129,-1,gamma,22.139,0,5.57142,7.8,-1.93983,2.01261,detectLogical_PV,worldPhysical
200316,137,-1,gamma,22.139,0,3.91801,7.8,2.01553,2.01612,detectLogical_PV,subPhysical
201000,108,-1,gamma,21.9609,0,10.4342,7.32832,1.34379,5.9925,detectLogical_PV,worldPhysical
201306,108,-1,gamma,22.139,0,10.4845,7.79233,-1.19336,2.08217,detectLogical_PV,subPhysical
201502,131,-1,gamma,22.139,0,8.25908,7.8,-0.896493,1.61256,detectLogical_PV,subPhysical
202082,105,-1,gamma,22.139,0,3.12701,7.8,-1.57753,2.08873,detectLogical_PV,subPhysical
202817,116,-1,gamma,21.9609,0,8.41498,7.8,2.08749,0.318712,detectLogical_PV,subPhysical
206307,139,-1,gamma,21.9609,0,6.15587,7.8,-0.181506,0.0269816,detectLogical_PV,sourcePhysical
210424,138,-1,gamma,20.5154,0,6.13247,7.8,-0.770289,0.755879,detectLogical_PV,sourcePhysical
210874,143,-1,gamma,24.9205,0,5.71454,7.8,-3.75064,0.515707,detectLogical_PV,subPhysical
211410,127,-1,gamma,24.8888,0,3.12871,7.8,0.261999,4.28842,detectLogical_PV,subPhysical
211507,106,-1,gamma,24.8888,0,9.57852,7.75993,2.74246,1.26432,detectLogical_PV,subPhysical
212499,110,-1,gamma,22.139,0,7.19743,7.38213,3.96463,5.5664,detectLogical_PV,subPhysical
212602,109,-1,gamma,22.139,0,7.22296,7.8,1.1479,0.454414,detectLogical_PV,subPhysical
213674,109,-1,gamma,22.139,0,3.1787,7.8,-0.97662,2.88999,detectLogical_PV,sourcePhysical
215511,111,-1,gamma,21.9609,0,8.18874,7.8,0.302397,0.534139,detectLogical_PV,subPhysical
217501,136,-1,gamma,21.9609,0,6.6156,7.8,-2.98986,1.91141,detectLogical_PV,subPhysical
217509,108,-1,gamma,21.9609,0,9.99459,7.32236,2.21922,7.11869,detectLogical_PV,worldPhysical
217814,151,-1,gamma,22.139,0,7.69555,7.59782,-3.86541,1.82852,detectLogical_PV,sourcePhysical
218053,130,-1,gamma,22.139,0,8.70503,7.8,-3.03703,0.910427,detectLogical_PV,subPhysical
219119,108,-1,gamma,21.9609,0,5.90307,7.8,-3.60528,3.71681,detectLogical_PV,sourcePhysical
219524,108,-1,gamma,21.9609,0,8.57091,7.35591,3.51765,0.254282,detectLogical_PV,subPhysical
219998,113,-1,gamma,22.139,0,9.75264,7.51676,2.54495,0.21145,detectLogical_PV,subPhysical
220087,136,-1,gamma,21.9609,0,4.49674,7.8,0.834705,1.48118,detectLogical_PV,subPhysical
220134,107,-1,gamma,20.834,0,6.4564,7.8,-2.78017,1.68607,detectLogical_PV,sourcePhysical
222085,105,-1,gamma,24.8888,0,4.17575,7.8,2.65262,1.66902,detectLogical_PV,subPhysical
222342,104,-1,gamma,21.9609,0,6.86013,7.8,-0.427671,0.910154,detectLogical_PV,subPhysical
223018,112,-1,gamma,22.139,0,4.81355,7.8,-2.15172,7.65773,detectLogical_PV,subPhysical
225092,142,-1,gamma,24.9205,0,3.55312,7.8,0.943165,2.88255,detectLogical_PV,sourcePhysical
226361,135,-1,gamma,20.1169,0,8.64425,7.8,-2.98891,1.25788,detectLogical_PV,sourcePhysical
226982,136,-1,gamma,21.9609,0,8.6778,7.51598,3.45765,1.71238,detectLogical_PV,subPhysical
227014,132,-1,gamma,22.139,0,5.06271,7.8,-0.913022,3.09396,detectLogical_PV,sourcePhysical
229631,138,-1,gamma,22.139,0,9.87554,7.58364,2.38812,0.166608,detectLogical_PV,subPhysical
229981,141,-1,gamma,22.139,0,5.91338,7.8,1.27854,0.204887,detectLogical_PV,subPhysical
233216,108,-1,gamma,21.9609,0,5.86902,7.8,-3.84726,0.516284,detectLogical_PV,subPhysical
236266,110,-1,e-,18.0801,1.60236e-22,4.79973,7.8,2.45617,2.14817,detectLogical_PV,sddCaseLogical_PV
236880,106,-1,gamma,21.9609,0,3.14119,7.8,-1.78916,0.246905,detectLogical_PV,subPhysical
236918,123,-1,gamma,19.5915,0,6.84059,7.8,0.908687,3.46773,detectLogical_PV,subPhysical
236919,135,-1,gamma,21.9609,0,7.14887,7.63242,-3.97083,5.10208,detectLogical_PV,worldPhysical
237085,124,-1,gamma,21.9609,0,6.45197,7.8,1.17182,3.19139,detectLogical_PV,subPhysical
239724,110,-1,gamma,21.9609,0,4.69205,7.8,-1.55951,0.470517,detectLogical_PV,subPhysical
240773,106,-1,gamma,24.8888,0,6.52664,7.8,-2.74384,0.894007,detectLogical_PV,subPhysical
241835,119,-1,gamma,22.139,0,9.88212,7.48095,-2.37926,6.32673,detectLogical_PV,subPhysical
242064,112,-1,gamma,24.8888,0,9.02381,7.8,1.51969,6.72897,detectLogical_PV,subPhysical
243147,111,-1,gamma,21.9609,0,8.0609,7.8,1.92321,0.350149,detectLogical_PV,subPhysical
243309,111,-1,gamma,22.139,0,4.47598,7.8,-2.23677,0.157007,detectLogical_PV,subPhysical
243711,107,-1,gamma,22.139,0,3.22191,7.8,-1.15104,2.63112,detectLogical_PV,worldPhysical
244212,143,-1,gamma,22.139,0,7.86181,7.8,-2.72188,2.54735,detectLogical_PV,sourcePhysical
244303,132,-1,gamma,21.9609,0,4.27209,7.8,-2.77955,1.67734,detectLogical_PV,subPhysical
244487,103,-1,gamma,25.4206,0,6.60329,7.8,2.23859,3.51608,detectLogical_PV,subPhysical
248458,122,-1,gamma,20.8212,0,9.5742,7.8,-1.42259,0.703796,detectLogical_PV,sourcePhysical
248482,105,-1,gamma,22.139,0,9.84479,7.8,0.111193,0.478636,detectLogical_PV,subPhysical
248900,137,-1,gamma,21.9609,0,3.79649,7.8,2.19005,7.39092,detectLogical_PV,subPhysical
249985,106,-1,gamma,22.139,0,9.10906,7.8,-1.32787,3.15029,detectLogical_PV,subPhysical
249998,106,-1,gamma,22.139,0,5.56673,7.8,-1.72636,0.907617,detectLogical_PV,subPhysical
250006,110,-1,gamma,22.139,0,9.02485,7.58166,3.23094,1.06064,detectLogical_PV,subPhysical
250163,138,-1,gamma,22.139,0,10.524,7.50434,-1.05873,9.08858,detectLogical_PV,subPhysical
250460,144,-1,gamma,22.7242,0,2.95423,7.8,-0.116276,0.426931,detectLogical_PV,sourcePhysical
250594,137,-1,gamma,24.9205,0,8.9388,7.8,0.162792,0.585893,detectLogical_PV,sourcePhysical
251896,118,-1,gamma,22.139,0,10.5452,7.32717,-0.978396,5.48145,detectLogical_PV,subPhysical
251930,119,-1,gamma,21.9609,0,6.95825,7.8,2.26521,1.60036,detectLogical_PV,subPhysical
252346,108,-1,gamma,22.139,0,5.38035,7.8,3.57613,0.495185,detectLogical_PV,subPhysical
252511,112,-1,gamma,20.1903,0,7.30367,7.8,1.52788,5.10803,detectLogical_PV,sourcePhysical
252525,124,-1,gamma,22.139,0,5.1794,7.8,1.2642,0.0235402,detectLogical_PV,subPhysical
252967,137,-1,gamma,21.9609,0,3.66881,7.8,0.810734,2.29666,detectLogical_PV,subPhysical
253302,105,-1,gamma,22.139,0,8.05855,7.30419,-3.75002,1.83377,detectLogical_PV,sourcePhysical
255607,106,-1,gamma,21.2541,0,8.66365,7.8,3.34571,0.0353862,detectLogical_PV,subPhysical
257589,108,-1,gamma,20.5298,0,6.35669,7.8,2.8168,1.318,detectLogical_PV,sourcePhysical
259238,135,-1,gamma,22.139,0,5.92549,7.8,2.53416,1.67512,detectLogical_PV,subPhysical
259742,106,-1,gamma,21.9609,0,7.18483,7.8,0.678537,0.945558,detectLogical_PV,worldPhysical
259899,104,-1,gamma,21.9609,0,3.65457,7.8,-0.512113,4.80029,detectLogical_PV,worldPhysical
260070,106,-1,gamma,22.139,0,9.4431,7.58925,-2.87949,0.645373,detectLogical_PV,worldPhysical
262011,124,-1,gamma,21.9609,0,4.18686,7.8,-1.08898,1.23047,detectLogical_PV,sourcePhysical
264101,107,-1,gamma,21.9609,0,5.2624,7.8,2.66189,0.0304441,detectLogical_PV,subPhysical
264749,120,-1,gamma,21.9609,0,2.98579,7.8,-0.927331,1.87148,detectLogical_PV,subPhysical
265202,112,-1,gamma,22.139,0,9.70042,7.5316,-2.60698,0.473376,detectLogical_PV,subPhysical
266152,106,-1,gamma,22.139,0,3.45075,7.8,2.00056,0.474512,detectLogical_PV,worldPhysical
267190,151,-1,gamma,22.2952,0,4.45484,7.8,-0.759307,2.06259,detectLogical_PV,sourcePhysical
267771,115,-1,gamma,24.8888,0,6.62155,7.8,-0.511624,0.207899,detectLogical_PV,sourcePhysical
268695,108,-1,gamma,22.139,0,9.07385,7.56987,3.1946,3.01697,detectLogical_PV,subPhysical
268846,109,-1,gamma,20.7692,0,7.30436,7.8,-1.32097,1.23883,detectLogical_PV,sourcePhysical
269529,108,-1,gamma,22.139,0,8.98733,7.3305,-3.25799,1.28562,detectLogical_PV,subPhysical
269826,108,-1,gamma,21.9609,0,6.06119,7.8,0.942673,1.80493,detectLogical_PV,sourcePhysical
271199,105,-1,gamma,24.9205,0,7.04158,7.8,2.9895,0.689421,detectLogical_PV,sourcePhysical
273334,144,-1,gamma,21.8628,0,2.87929,7.8,0.181533,0.305931,detectLogical_PV,subPhysical
273462,106,-1,gamma,24.9205,0,10.4457,7.55721,-1.31106,0.807834,detectLogical_PV,subPhysical
274981,106,-1,gamma,21.9609,0,4.32355,7.8,-1.61348,3.01815,detectLogical_PV,worldPhysical
277381,136,-1,gamma,22.139,0,8.18175,7.69137,-3.70196,0.0128666,detectLogical_PV,subPhysical
278385,135,-1,gamma,21.9609,0,3.42832,7.8,0.588196,1.51615,detectLogical_PV,subPhysical
279375,112,-1,gamma,21.9609,0,10.5499,7.34745,0.959439,3.87912,detectLogical_PV,subPhysical
279567,105,-1,gamma,24.8888,0,10.4101,7.34152,-1.40941,0.69211,detectLogical_PV,sourcePhysical
280028,106,-1,gamma,24.8888,0,4.02774,7.8,-2.3484,1.43411,detectLogical_PV,worldPhysical
280038,120,-1,gamma,21.9609,0,9.13931,7.46148,3.1442,1.35685,detectLogical_PV,sourcePhysical
282468,109,-1,gamma,20.8343,0,8.55771,7.8,2.33867,0.0976155,detectLogical_PV,sourcePhysical
284353,146,-1,gamma,22.139,0,4.1187,7.8,-0.773822,0.414105,detectLogical_PV,sourcePhysical
286372,107,-1,gamma,22.139,0,9.5255,7.62396,2.79769,4.78154,detectLogical_PV,subPhysical
286917,106,-1,gamma,24.8888,0,4.2483,7.8,2.60277,1.445,detectLogical_PV,worldPhysical
287836,109,-1,gamma,22.139,0,9.26912,7.48222,-3.03764,0.805417,detectLogical_PV,subPhysical
287909,106,-1,gamma,22.139,0,7.25155,7.8,2.95247,0.181123,detectLogical_PV,subPhysical
288109,107,-1,gamma,22.139,0,8.08047,7.8,3.34107,2.67036,detectLogical_PV,sourcePhysical
290074,103,-1,gamma,21.9609,0,8.85671,7.8,-0.238474,1.77758,detectLogical_PV,worldPhysical
291689,129,-1,gamma,22.139,0,7.94194,7.8,-1.70821,0.0214675,detectLogical_PV,worldPhysical
291840,141,-1,gamma,22.139,0,9.6114,7.62115,2.70713,2.64507,detectLogical_PV,subPhysical
291993,108,-1,gamma,22.139,0,5.52011,7.8,2.68766,1.12438,detectLogical_PV,subPhysical
292427,118,-1,e-,17.1479,1.81358e-22,4.12788,7.8,-0.815335,0.28066,detectLogical_PV,sddCaseLogical_PV
292878,126,-1,gamma,22.139,0,6.20729,7.8,-3.38213,0.980489,detectLogical_PV,worldPhysical
292948,136,-1,gamma,22.139,0,5.52908,7.8,3.10071,1.01013,detectLogical_PV,subPhysical
294944,108,-1,gamma,22.139,0,5.61073,7.8,-2.56848,0.879801,detectLogical_PV,sourcePhysical
295301,128,-1,gamma,21.9609,0,7.66774,7.8,3.35731,4.24707,detectLogical_PV,subPhysical
297620,129,-1,gamma,15.6498,0,3.97345,7.8,-2.28724,4.35089,detectLogical_PV,targetPhysical
298941,110,-1,gamma,22.139,0,4.659,7.8,-2.71713,0.20908,detectLogical_PV,subPhysical
298961,114,-1,gamma,24.9205,0,7.57665,7.8,3.85152,1.40565,detectLogical_PV,subPhysical
301017,143,-1,gamma,21.9609,0,10.5196,7.8,0.927275,9.43793,detectLogical_PV,sourcePhysical
301828,125,-1,gamma,22.139,0,4.96327,7.8,-1.082,2.1319,detectLogical_PV,sourcePhysical
304002,106,-1,gamma,24.9205,0,5.92286,7.8,-1.3167,2.47099,detectLogical_PV,subPhysical
304254,110,-1,gamma,21.9609,0,7.2283,7.8,2.3588,0.0138373,detectLogical_PV,sourcePhysical
304695,105,-1,gamma,21.9609,0,8.92565,7.68352,-3.30106,1.47299,detectLogical_PV,sourcePhysical
305306,108,-1,gamma,22.139,0,7.52964,7.8,-3.68069,0.571196,detectLogical_PV,sourcePhysical
305821,113,-1,gamma,21.9609,0,10.6661,7.48253,0.0696468,1.90215,detectLogical_PV,subPhysical
306777,107,-1,gamma,22.139,0,9.36137,7.48943,-2.95611,0.848879,detectLogical_PV,subPhysical
307770,127,-1,gamma,21.9609,0,3.81182,7.8,2.19665,4.78204,detectLogical_PV,subPhysical
307820,120,-1,gamma,22.139,0,10.0966,7.8,0.749552,0.951705,detectLogical_PV,subPhysical
307914,129,-1,gamma,21.9609,0,10.655,7.74213,-0.305807,1.68282,detectLogical_PV,subPhysical
308319,126,-1,gamma,22.139,0,8.26348,7.40298,3.66745,0.643093,detectLogical_PV,subPhysical
309691,128,-1,e-,18.7586,2.45135e-22,4.02177,7.3,0.424126,0.966521,detectLogical_PV,sddCaseLogical_PV
310490,108,-1,gamma,22.139,0,7.85083,7.8,-0.164393,0.41043,detectLogical_PV,subPhysical
310832,104,-1,gamma,21.9609,0,5.70555,7.8,0.20177,0.0278418,detectLogical_PV,subPhysical
311389,141,-1,gamma,24.9205,0,7.53288,7.8,3.19568,0.944022,detectLogical_PV,subPhysical
311724,147,-1,gamma,21.9609,0,5.72037,7.8,3.48254,0.279056,detectLogical_PV,subPhysical
311996,107,-1,gamma,21.9609,0,9.36956,7.8,1.17927,3.33202,detectLogical_PV,worldPhysical
312401,109,-1,gamma,21.9609,0,7.27902,7.8,-3.38845,1.64389,detectLogical_PV,subPhysical
314146,110,-1,gamma,21.9609,0,9.28423,7.54877,-3.02462,5.71404,detectLogical_PV,subPhysical
315767,108,-1,gamma,22.139,0,7.88934,7.8,-1.91381,0.629783,detectLogical_PV,subPhysical
316762,105,-1,gamma,24.8888,0,9.64844,7.47204,-2.66628,2.56188,detectLogical_PV,subPhysical
316897,108,-1,gamma,22.139,0,8.38469,7.8,-0.299342,0.869391,detectLogical_PV,subPhysical
318029,111,-1,gamma,22.139,0,9.16976,7.32428,3.12002,3.0038,detectLogical_PV,worldPhysical
318129,147,-1,gamma,22.139,0,4.05705,7.8,-1.28625,1.45573,detectLogical_PV,worldPhysical
318403,107,-1,gamma,21.9609,0,9.6268,7.32733,-2.69028,1.47043,detectLogical_PV,worldPhysical
318577,131,-1,gamma,22.139,0,4.06423,7.8,-0.576589,0.194866,detectLogical_PV,worldPhysical
319217,108,-1,gamma,21.9609,0,3.19564,7.8,1.68259,1.25211,detectLogical_PV,sourcePhysical
319536,116,-1,gamma,24.8888,0,6.25553,7.8,0.0974289,5.33147,detectLogical_PV,worldPhysical
320218,105,-1,gamma,24.9205,0,4.02321,7.8,-0.078748,0.213634,detectLogical_PV,subPhysical
320243,110,-1,gamma,21.9609,0,4.07737,7.8,-0.783357,5.58549,detectLogical_PV,subPhysical
320732,109,-1,gamma,22.139,0,3.87987,7.8,-0.517397,1.12482,detectLogical_PV,subPhysical
321037,138,-1,gamma,7.01695,0,8.08659,7.8,-0.862089,1.03252,detectLogical_PV,targetPhysical
321575,113,-1,gamma,22.139,0,8.30776,7.8,0.589393,0.661062,detectLogical_PV,subPhysical
322124,115,-1,gamma,21.9609,0,5.4293,7.8,3.48402,5.45191,detectLogical_PV,subPhysical
322827,106,-1,gamma,22.139,0,9.73201,7.63691,-2.56976,2.07777,detectLogical_PV,sourcePhysical
324307,108,-1,gamma,22.139,0,4.79646,7.8,-1.07883,1.35556,detectLogical_PV,subPhysical
326333,106,-1,gamma,22.139,0,8.21883,7.8,3.56735,0.0904327,detectLogical_PV,sourcePhysical
327162,132,-1,gamma,22.139,0,3.11144,7.8,0.629384,0.650034,detectLogical_PV,subPhysical
327558,106,-1,gamma,24.8888,0,3.24651,7.8,-0.884661,12.0591,detectLogical_PV,subPhysical
328718,108,-1,gamma,22.139,0,3.71958,7.8,2.14765,0.193459,detectLogical_PV,sourcePhysical
329606,104,-1,gamma,22.139,0,8.41129,7.8,-0.0665139,0.598046,detectLogical_PV,subPhysical
329979,105,-1,gamma,22.139,0,8.3344,7.8,2.107,0.88887,detectLogical_PV,subPhysical
330231,113,-1,gamma,22.139,0,3.21012,7.8,-0.631264,0.987551,detectLogical_PV,subPhysical
332422,138,-1,gamma,24.5695,0,10.2392,7.8,1.20107,3.84993,detectLogical_PV,sourcePhysical
332788,106,-1,gamma,20.569,0,10.0488,7.53647,2.13575,0.269921,detectLogical_PV,sourcePhysical
334281,143,-1,gamma,20.9825,0,5.97364,7.8,-1.87837,2.35421,detectLogical_PV,sourcePhysical
334404,105,-1,gamma,22.139,0,5.47513,7.8,1.33447,2.42528,detectLogical_PV,subPhysical
334755,110,-1,gamma,22.139,0,4.57032,7.8,-1.20663,0.025566,detectLogical_PV,sourcePhysical
335194,133,-1,gamma,21.9609,0,7.9976,7.8,-0.909475,3.76217,detectLogical_PV,subPhysical
335303,121,-1,gamma,21.9609,0,8.62995,7.8,2.87969,1.84643,detectLogical_PV,subPhysical
335625,120,-1,gamma,22.139,0,5.2732,7.8,-2.45748,3.22537,detectLogical_PV,worldPhysical
337850,107,-1,gamma,24.9205,0,10.4213,7.52367,-1.37946,1.1473,detectLogical_PV,subPhysical
339498,120,-1,gamma,22.139,0,3.34167,7.8,1.73312,0.0449518,detectLogical_PV,subPhysical
339728,134,-1,gamma,22.139,0,4.25926,7.8,-0.150808,1.0682,detectLogical_PV,subPhysical
340696,108,-1,gamma,21.7781,0,4.26034,7.8,2.02614,1.74705,detectLogical_PV,sourcePhysical
340857,104,-1,gamma,24.9205,0,10.6242,7.44859,-0.581229,1.16497,detectLogical_PV,subPhysical
340931,133,-1,gamma,20.8239,0,4.60693,7.8,-2.78543,3.96989,detectLogical_PV,sourcePhysical
341022,148,-1,gamma,21.9609,0,9.00675,7.72056,3.24408,1.59123,detectLogical_PV,sourcePhysical
341970,103,-1,gamma,23.9399,0,6.82291,7.8,-0.681179,1.07379,detectLogical_PV,sourcePhysical
342398,120,-1,gamma,21.9609,0,7.00435,7.8,1.57298,1.51969,detectLogical_PV,subPhysical
342809,133,-1,gamma,22.139,0,7.62108,7.44983,3.88447,1.41521,detectLogical_PV,subPhysical
343139,140,-1,gamma,21.9609,0,5.82165,7.8,2.12413,3.9269,detectLogical_PV,subPhysical
343484,106,-1,gamma,22.139,0,8.57464,7.61498,3.51563,2.10256,detectLogical_PV,subPhysical
343693,128,-1,gamma,24.8888,0,6.0132,7.8,-2.88032,0.658143,detectLogical_PV,sourcePhysical
343815,138,-1,gamma,20.8519,0,10.0606,7.34689,2.11695,1.31489,detectLogical_PV,subPhysical
345648,132,-1,gamma,25.4259,0,4.28639,7.8,-1.90567,1.50212,detectLogical_PV,subPhysical
345863,109,-1,gamma,22.139,0,6.41024,7.8,1.18981,0.776843,detectLogical_PV,worldPhysical
345886,124,-1,gamma,22.139,0,6.14224,7.8,1.82767,2.20404,detectLogical_PV,subPhysical
346081,104,-1,gamma,21.9609,0,10.0838,7.67153,2.07917,0.5802,detectLogical_PV,subPhysical
347268,104,-1,gamma,22.139,0,9.77402,7.61183,-2.5188,0.216317,detectLogical_PV,worldPhysical
347738,128,-1,gamma,21.9609,0,5.6139,7.8,-2.21397,0.579792,detectLogical_PV,subPhysical
348958,128,-1,gamma,22.139,0,6.8323,7.8,-2.0516,1.37993,detectLogical_PV,subPhysical
349852,120,-1,gamma,22.139,0,6.98586,7.47351,-3.98724,2.34577,detectLogical_PV,subPhysical
350052,135,-1,gamma,21.9609,0,3.16607,7.8,0.660355,0.925811,detectLogical_PV,subPhysical
350297,129,-1,gamma,24.9205,0,6.61319,7.8,3.96701,0.80588,detectLogical_PV,subPhysical
350814,116,-1,gamma,22.139,0,9.46759,7.50586,2.85566,0.662065,detectLogical_PV,subPhysical
352548,104,-1,gamma,22.139,0,8.03083,7.8,3.56774,2.05551,detectLogical_PV,subPhysical
353020,104,-1,gamma,24.9205,0,5.60434,7.8,0.736133,0.545287,detectLogical_PV,subPhysical
354219,110,-1,gamma,22.139,0,8.16712,7.7602,-3.70791,1.98669,detectLogical_PV,sourcePhysical
355864,136,-1,gamma,21.9609,0,4.89732,7.8,1.63751,3.33331,detectLogical_PV,subPhysical
355949,105,-1,gamma,24.9205,0,4.65376,7.8,1.91621,1.3747,detectLogical_PV,subPhysical
356006,141,-1,gamma,21.9609,0,8.12226,7.8,3.48372,1.44003,detectLogical_PV,subPhysical
356440,108,-1,gamma,22.139,0,10.5659,7.33323,0.892363,1.85524,detectLogical_PV,subPhysical
358826,123,-1,gamma,22.139,0,8.22087,7.8,-0.134717,0.854655,detectLogical_PV,subPhysical
359479,112,-1,gamma,25.4259,0,3.29316,7.8,-0.709953,6.091,detectLogical_PV,subPhysical
359806,131,-1,gamma,22.139,0,4.8704,7.8,3.43141,0.337186,detectLogical_PV,sourcePhysical
360351,109,-1,gamma,21.9609,0,6.07932,7.8,-0.999024,1.16395,detectLogical_PV,subPhysical
360425,130,-1,gamma,22.139,0,4.72867,7.8,-2.10244,0.11635,detectLogical_PV,subPhysical
361028,108,-1,gamma,22.139,0,2.95266,7.8,-0.264725,2.46402,detectLogical_PV,subPhysical
361807,135,-1,gamma,22.139,0,7.31665,7.8,-0.275459,0.484901,detectLogical_PV,worldPhysical
362079,104,-1,gamma,22.139,0,10.0764,7.68983,2.09127,2.12899,detectLogical_PV,subPhysical
363329,107,-1,gamma,22.139,0,7.73425,7.8,-2.84467,1.90582,detectLogical_PV,sourcePhysical
364206,151,-1,gamma,4.47536,0,7.85773,7.8,0.433665,2.27046,detectLogical_PV,targetPhysical
364701,105,-1,gamma,21.9609,0,10.6479,7.70779,-0.387252,1.79547,detectLogical_PV,subPhysical
364976,127,-1,gamma,24.9205,0,8.28332,7.8,1.987,4.16897,detectLogical_PV,subPhysical
365029,106,-1,gamma,23.0889,0,9.61725,7.3,-0.120877,2.15216,detectLogical_PV,subPhysical
365308,129,-1,gamma,24.8888,0,9.31977,7.55283,-2.9935,2.85974,detectLogical_PV,subPhysical
365682,104,-1,gamma,22.139,0,8.45958,7.8,0.774794,2.66667,detectLogical_PV,subPhysical
367201,141,-1,gamma,22.139,0,3.42585,7.8,-0.647602,0.72637,detectLogical_PV,subPhysical
367799,103,-1,gamma,25.4206,0,5.67784,7.8,-1.41816,2.16022,detectLogical_PV,sourcePhysical
368530,122,-1,gamma,22.139,0,7.03713,7.8,3.28377,1.52234,detectLogical_PV,subPhysical
368759,109,-1,gamma,21.9609,0,9.57375,7.8,2.2557,3.94917,detectLogical_PV,sourcePhysical
371536,127,-1,gamma,24.8888,0,9.39265,7.51877,-2.92729,2.48779,detectLogical_PV,subPhysical
373842,115,-1,gamma,21.9609,0,9.51112,7.40926,2.81231,1.13452,detectLogical_PV,subPhysical
374177,142,-1,gamma,24.8888,0,7.3344,7.8,-1.72606,0.762271,detectLogical_PV,worldPhysical
374427,106,-1,gamma,24.9205,0,3.89386,7.8,-2.43377,0.318263,detectLogical_PV,subPhysical
375718,138,-1,gamma,22.139,0,9.6782,7.8,-1.93019,4.56252,detectLogical_PV,subPhysical
375747,115,-1,gamma,22.139,0,5.59788,7.8,-2.04751,0.367311,detectLogical_PV,subPhysical
376025,124,-1,gamma,22.139,0,7.405,7.74965,3.93127,1.29644,detectLogical_PV,subPhysical
376808,134,-1,gamma,21.9609,0,8.79182,7.52947,-3.38876,1.49236,detectLogical_PV,subPhysical
377618,107,-1,gamma,22.139,0,5.21219,7.8,-2.76368,0.441297,detectLogical_PV,worldPhysical
378350,127,-1,gamma,23.5739,0,8.02036,7.8,-2.74535,0.039885,detectLogical_PV,sourcePhysical
379174,112,-1,gamma,22.139,0,9.12682,7.33305,3.15399,0.473196,detectLogical_PV,subPhysical
379302,142,-1,gamma,6.34985,0,4.22105,7.8,0.0475176,0.778702,detectLogical_PV,targetPhysical
379445,118,-1,gamma,25.4259,0,10.4807,7.69002,-1.20556,2.80372,detectLogical_PV,subPhysical
381193,125,-1,gamma,21.9609,0,7.83387,7.8,3.79104,0.532336,detectLogical_PV,subPhysical
382281,104,-1,gamma,22.139,0,9.24887,7.6232,-3.05487,1.40118,detectLogical_PV,subPhysical
382863,111,-1,gamma,22.139,0,9.09429,7.76339,-3.1791,1.57929,detectLogical_PV,subPhysical
383296,132,-1,gamma,22.139,0,2.91796,7.8,0.794111,0.435016,detectLogical_PV,subPhysical
383345,133,-1,gamma,22.139,0,6.07255,7.8,-2.94002,3.14576,detectLogical_PV,worldPhysical
384606,132,-1,gamma,22.139,0,4.76506,7.8,2.5296,4.89905,detectLogical_PV,subPhysical
385095,137,-1,gamma,22.139,0,9.65878,7.8,1.74383,0.00435023,detectLogical_PV,worldPhysical
385382,122,-1,gamma,24.9205,0,4.47596,7.8,1.0045,1.91808,detectLogical_PV,subPhysical
386412,137,-1,gamma,21.9609,0,5.19501,7.8,2.00734,5.90138,detectLogical_PV,subPhysical
387703,106,-1,gamma,22.139,0,2.70735,7.8,-0.0471979,2.00606,detectLogical_PV,subPhysical
387777,152,-1,gamma,21.0274,0,4.73507,7.8,2.55523,0.311567,detectLogical_PV,sourcePhysical
389016,124,-1,gamma,21.9609,0,7.42175,7.8,-2.23305,6.07143,detectLogical_PV,subPhysical
389531,115,-1,gamma,24.8888,0,6.42441,7.8,-2.2934,2.23401,detectLogical_PV,subPhysical
390069,124,-1,gamma,21.9609,0,8.26989,7.8,-3.43725,4.31737,detectLogical_PV,subPhysical
392183,108,-1,gamma,22.139,0,2.93231,7.8,0.0138577,1.52959,detectLogical_PV,subPhysical
392312,109,-1,gamma,21.9609,0,5.34494,7.8,-0.419838,0.927212,detectLogical_PV,subPhysical
392762,111,-1,gamma,22.139,0,5.4702,7.8,-2.33473,1.25394,detectLogical_PV,subPhysical
394981,136,-1,gamma,24.9205,0,9.54673,7.8,1.26164,1.4243,detectLogical_PV,subPhysical
397375,103,-1,gamma,25.4206,0,8.34689,7.8,0.795691,0.0131671,detectLogical_PV,subPhysical
397602,117,-1,gamma,21.9609,0,10.5853,7.36184,0.802721,1.40406,detectLogical_PV,subPhysical
402188,133,-1,gamma,21.9609,0,6.54566,7.8,-3.59421,1.00956,detectLogical_PV,subPhysical
403335,117,-1,gamma,19.7565,0,6.34317,7.3,-0.582773,7.79445,detectLogical_PV,subPhysical
403563,107,-1,gamma,22.139,0,2.95728,7.8,-0.673973,1.14671,detectLogical_PV,subPhysical
405074,109,-1,gamma,22.139,0,2.96427,7.8,0.373204,0.10139,detectLogical_PV,subPhysical
405672,109,-1,gamma,22.139,0,4.21544,7.8,1.71344,0.474295,detectLogical_PV,subPhysical
406108,114,-1,gamma,22.139,0,3.32823,7.8,-1.4965,0.719439,detectLogical_PV,subPhysical
407267,105,-1,gamma,24.9205,0,3.49882,7.8,0.0729787,1.98203,detectLogical_PV,subPhysical
407372,106,-1,gamma,22.139,0,10.4975,7.72869,1.15109,6.25403,detectLogical_PV,subPhysical
410520,138,-1,gamma,21.9609,0,4.73269,7.8,-1.73326,0.691321,detectLogical_PV,subPhysical
411907,145,-1,gamma,22.139,0,4.50116,7.8,2.89554,0.533233,detectLogical_PV,subPhysical
412651,127,-1,gamma,22.139,0,8.15029,7.8,0.910651,1.01904,detectLogical_PV,sourcePhysical
412801,109,-1,gamma,22.139,0,10.642,7.71217,-0.443182,2.00565,detectLogical_PV,worldPhysical
413922,111,-1,gamma,6.34985,0,9.9326,7.8,-0.0981314,2.17072,detectLogical_PV,targetPhysical
415409,105,-1,gamma,22.139,0,3.44639,7.8,1.14238,5.71188,detectLogical_PV,subPhysical
415633,104,-1,gamma,24.9205,0,3.32425,7.8,-2.01385,0.327615,detectLogical_PV,sourcePhysical
415794,106,-1,gamma,22.139,0,10.3395,7.75569,1.58443,0.925801,detectLogical_PV,subPhysical
416087,112,-1,gamma,24.9205,0,4.70266,7.8,-0.88733,2.36519,detectLogical_PV,subPhysical
416321,104,-1,gamma,22.139,0,8.21524,7.8,-1.9615,1.55422,detectLogical_PV,subPhysical
416357,107,-1,gamma,24.8888,0,10.3567,7.36142,1.54395,1.63066,detectLogical_PV,subPhysical
417524,106,-1,gamma,24.9205,0,5.28558,7.8,-1.49233,0.34474,detectLogical_PV,subPhysical
417793,114,-1,gamma,21.9609,0,3.4207,7.8,-0.551348,0.717613,detectLogical_PV,worldPhysical
418362,124,-1,gamma,22.139,0,6.22518,7.8,3.68206,3.72173,detectLogical_PV,subPhysical
419582,122,-1,gamma,22.139,0,3.94561,7.8,-0.175627,3.32724,detectLogical_PV,subPhysical
420646,129,-1,gamma,22.139,0,6.5553,7.8,-1.95536,1.70231,detectLogical_PV,subPhysical
420692,115,-1,gamma,21.9609,0,10.2676,7.8,0.998534,1.53152,detectLogical_PV,subPhysical
421168,105,-1,gamma,21.7659,0,4.26507,7.8,-2.7196,1.93085,detectLogical_PV,subPhysical
421514,125,-1,gamma,21.9609,0,4.74824,7.8,-3.41174,2.00092,detectLogical_PV,worldPhysical
421924,132,-1,gamma,22.139,0,8.65046,7.77795,3.47341,3.88033,detectLogical_PV,subPhysical
424114,118,-1,gamma,22.139,0,3.85078,7.8,-0.779905,0.222227,detectLogical_PV,subPhysical
424130,126,-1,gamma,22.139,0,5.91509,7.8,1.42318,0.969016,detectLogical_PV,subPhysical
424263,125,-1,gamma,22.139,0,8.1265,7.56442,-3.7241,0.378414,detectLogical_PV,subPhysical
424549,109,-1,gamma,22.139,0,8.7968,7.42897,3.38564,3.78056,detectLogical_PV,sourcePhysical
426386,106,-1,gamma,22.139,0,7.466,7.53733,-3.91932,2.47728,detectLogical_PV,worldPhysical
427264,108,-1,gamma,22.139,0,10.474,7.46545,-1.2265,2.05009,detectLogical_PV,subPhysical
427281,146,-1,gamma,22.139,0,8.64631,7.8,2.98106,1.73915,detectLogical_PV,sourcePhysical
429938,133,-1,gamma,20.1215,0,8.74143,7.3,0.316841,0.614258,detectLogical_PV,worldPhysical
430418,106,-1,gamma,22.139,0,9.8202,7.52222,2.46074,0.221202,detectLogical_PV,subPhysical
430972,146,-1,gamma,21.9609,0,4.71583,7.8,2.59541,7.41306,detectLogical_PV,sourcePhysical
433137,141,-1,gamma,24.8888,0,9.77104,7.70459,2.52247,1.40722,detectLogical_PV,sourcePhysical
433952,118,-1,gamma,22.139,0,10.3955,7.5517,-1.4476,10.2789,detectLogical_PV,subPhysical
436099,145,-1,gamma,22.139,0,7.64725,7.79784,-3.87795,2.04252,detectLogical_PV,subPhysical
436871,111,-1,gamma,21.9609,0,10.1183,7.74995,-2.02141,0.135037,detectLogical_PV,subPhysical
438471,118,-1,gamma,24.8888,0,9.52369,7.8,0.696209,1.85676,detectLogical_PV,subPhysical
439843,105,-1,gamma,22.139,0,7.17066,7.51805,-3.96812,1.0189,detectLogical_PV,subPhysical
440485,111,-1,gamma,22.139,0,4.00714,7.8,1.96919,0.676257,detectLogical_PV,sourcePhysical
442063,114,-1,gamma,24.9205,0,5.55722,7.8,-2.21151,1.04508,detectLogical_PV,subPhysical
443221,108,-1,gamma,22.139,0,3.44636,7.8,-1.07669,2.37796,detectLogical_PV,subPhysical
443237,107,-1,gamma,22.139,0,4.60943,7.8,2.44592,3.68924,detectLogical_PV,subPhysical
443477,106,-1,gamma,22.139,0,8.68117,7.50948,-3.45569,1.21149,detectLogical_PV,subPhysical
444536,142,-1,gamma,22.139,0,8.04843,7.55495,-3.75376,3.17137,detectLogical_PV,subPhysical
446819,107,-1,gamma,22.139,0,8.02172,7.60105,-3.76349,2.97393,detectLogical_PV,sourcePhysical
447191,139,-1,gamma,22.139,0,8.3784,7.50819,3.61524,1.37764,detectLogical_PV,sourcePhysical
447204,120,-1,gamma,22.139,0,10.418,7.33904,1.38828,3.02973,detectLogical_PV,subPhysical
447271,133,-1,gamma,22.139,0,5.20855,7.8,-3.57147,0.153811,detectLogical_PV,subPhysical
447785,105,-1,gamma,21.9609,0,10.0386,7.41076,-2.15181,0.196972,detectLogical_PV,subPhysical
447801,109,-1,gamma,6.34985,0,8.08488,7.8,-2.38975,2.93606,detectLogical_PV,targetPhysical
448494,115,-1,gamma,22.139,0,10.5501,7.52286,0.958698,1.21157,detectLogical_PV,subPhysical
449043,110,-1,gamma,24.8888,0,6.29943,7.40636,-3.98311,2.817,detectLogical_PV,subPhysical
449157,142,-1,gamma,21.9609,0,3.20128,7.8,-1.03374,0.762726,detectLogical_PV,subPhysical
450130,123,-1,gamma,21.9609,0,7.98288,7.8,0.352027,2.16634,detectLogical_PV,subPhysical
451065,139,-1,gamma,22.139,0,4.61282,7.8,-2.43987,0.421038,detectLogical_PV,worldPhysical
451301,112,-1,gamma,21.1517,0,6.80742,7.8,1.67272,3.09731,detectLogical_PV,sourcePhysical
452522,136,-1,gamma,21.3871,0,3.42833,7.3,-0.397968,1.76743,detectLogical_PV,subPhysical
453437,119,-1,gamma,22.139,0,5.84774,7.8,1.89919,1.16286,detectLogical_PV,subPhysical
455988,144,-1,gamma,21.9609,0,3.17533,7.8,-1.59375,1.59787,detectLogical_PV,sourcePhysical
456827,110,-1,gamma,22.139,0,7.45717,7.8,3.01502,1.07004,detectLogical_PV,sourcePhysical
458621,127,-1,gamma,20.9259,0,4.51345,7.8,0.571546,20.7438,detectLogical_PV,subPhysical
459160,157,-1,gamma,21.9609,0,4.34922,7.8,-2.83329,0.979456,detectLogical_PV,sourcePhysical
459929,135,-1,gamma,22.139,0,3.83761,7.8,-0.45997,1.63774,detectLogical_PV,subPhysical
460587,104,-1,gamma,22.139,0,9.84964,7.8,1.13935,8.74505,detectLogical_PV,subPhysical
460967,103,-1,gamma,25.4206,0,2.66693,7.8,0.0044703,3.14836,detectLogical_PV,worldPhysical
461085,146,-1,gamma,20.5831,0,4.80943,7.8,-0.394969,4.39875,detectLogical_PV,subPhysical
461259,116,-1,gamma,21.9609,0,6.76003,7.77893,3.99891,0.762565,detectLogical_PV,sourcePhysical
461632,103,-1,gamma,25.4206,0,4.3408,7.8,-2.93477,0.0303415,detectLogical_PV,subPhysical
461692,112,-1,gamma,22.139,0,3.63732,7.8,2.40302,1.45275,detectLogical_PV,subPhysical
461747,105,-1,gamma,21.0854,0,3.93642,7.8,-0.012746,0.738493,detectLogical_PV,sourcePhysical
462423,113,-1,gamma,22.139,0,7.7862,7.66555,3.84014,1.68573,detectLogical_PV,subPhysical
462780,121,-1,gamma,21.9609,0,7.41338,7.37479,-3.92968,0.149885,detectLogical_PV,subPhysical
462935,120,-1,gamma,22.139,0,6.53866,7.8,-1.09371,1.02581,detectLogical_PV,subPhysical
464177,136,-1,gamma,22.139,0,9.08714,7.60357,3.18454,0.671891,detectLogical_PV,subPhysical
464313,116,-1,gamma,22.139,0,3.80121,7.8,0.675928,0.914394,detectLogical_PV,sourcePhysical
465180,116,-1,gamma,22.139,0,6.4728,7.8,0.674151,1.20059,detectLogical_PV,subPhysical
466730,108,-1,gamma,22.139,0,7.55838,7.60834,3.89934,3.15371,detectLogical_PV,subPhysical
466753,138,-1,gamma,24.9205,0,5.5706,7.8,1.70503,1.14985,detectLogical_PV,sourcePhysical
467149,119,-1,gamma,21.9609,0,9.18253,7.36178,3.10974,0.502386,detectLogical_PV,subPhysical
469015,136,-1,gamma,21.9609,0,6.35118,7.4505,-3.98754,1.37296,detectLogical_PV,subPhysical
470476,134,-1,gamma,22.139,0,9.37718,7.8,-2.78813,2.0691,detectLogical_PV,sourcePhysical
470493,106,-1,gamma,24.8888,0,5.46861,7.8,2.63345,0.1266,detectLogical_PV,subPhysical
471097,106,-1,gamma,22.139,0,3.86296,7.8,2.23267,0.748976,detectLogical_PV,sourcePhysical
471543,129,-1,gamma,24.9205,0,7.76394,7.8,0.120073,2.86912,detectLogical_PV,sourcePhysical
471640,142,-1,gamma,21.9609,0,3.29122,7.8,0.643913,2.37598,detectLogical_PV,sourcePhysical
472523,144,-1,gamma,24.9205,0,5.50761,7.8,-3.07919,2.91782,detectLogical_PV,subPhysical
473233,119,-1,gamma,22.139,0,4.8109,7.8,-1.85297,0.690978,detectLogical_PV,subPhysical
473727,128,-1,gamma,24.9205,0,8.18896,7.74133,3.699,1.00832,detectLogical_PV,subPhysical
474664,128,-1,gamma,21.9609,0,8.87092,7.8,0.552694,0.166044,detectLogical_PV,worldPhysical
474770,103,-1,gamma,25.4259,0,3.52494,7.8,0.498797,0.0523907,detectLogical_PV,subPhysical
475022,103,-1,gamma,25.4206,0,7.76785,7.8,3.11414,4.16711,detectLogical_PV,subPhysical
475680,108,-1,gamma,22.139,0,7.99037,7.8,-2.7662,1.60444,detectLogical_PV,worldPhysical
476648,136,-1,gamma,22.139,0,4.57258,7.8,2.40322,2.95643,detectLogical_PV,subPhysical
477486,110,-1,gamma,21.9609,0,4.90255,7.8,-0.659083,2.43888,detectLogical_PV,subPhysical
477797,137,-1,gamma,22.139,0,9.89446,7.37429,-2.36249,3.38958,detectLogical_PV,subPhysical
478170,104,-1,gamma,24.9205,0,6.57094,7.53129,-3.99885,4.46698,detectLogical_PV,subPhysical
479718,106,-1,gamma,21.9609,0,10.1162,7.38539,-2.02505,1.3658,detectLogical_PV,sourcePhysical
479727,135,-1,gamma,21.6395,0,7.55805,7.8,1.4522,3.09451,detectLogical_PV,worldPhysical
482399,132,-1,gamma,22.139,0,8.25296,7.62373,3.67201,6.38717,detectLogical_PV,sourcePhysical
483233,105,-1,gamma,22.139,0,9.24945,7.8,0.538431,2.21811,detectLogical_PV,subPhysical
485777,133,-1,gamma,20.7,0,7.73106,7.8,2.58025,0.0390142,detectLogical_PV,sourcePhysical
487764,103,-1,gamma,25.4206,0,5.1001,7.8,-0.389238,2.0266,detectLogical_PV,subPhysical
487820,104,-1,gamma,24.9205,0,5.32226,7.8,-3.61467,3.02391,detectLogical_PV,sourcePhysical
489625,109,-1,gamma,21.7056,0,7.83483,7.49313,-3.82562,1.15206,detectLogical_PV,sourcePhysical
490295,145,-1,gamma,24.8888,0,3.21433,7.8,0.245324,0.0934582,detectLogical_PV,sourcePhysical
491101,107,-1,gamma,24.9205,0,5.46647,7.8,-2.63137,0.946904,detectLogical_PV,worldPhysical
492841,105,-1,gamma,21.9609,0,3.50996,7.8,-1.07545,0.71305,detectLogical_PV,subPhysical
494042,119,-1,gamma,22.139,0,3.86161,7.8,-2.78012,1.05515,detectLogical_PV,sourcePhysical
494873,136,-1,gamma,24.9205,0,7.04505,7.8,-1.66757,0.682578,detectLogical_PV,subPhysical
496415,134,-1,gamma,24.9205,0,10.3668,7.329,-1.51952,6.46846,detectLogical_PV,subPhysical
497561,136,-1,gamma,25.4259,0,4.32445,7.8,1.75538,2.01297,detectLogical_PV,subPhysical
498057,108,-1,gamma,6.36271,0,10.626,7.32902,0.568647,0.46412,detectLogical_PV,targetPhysical
498117,122,-1,gamma,21.9609,0,8.56409,7.51143,-3.52133,3.64933,detectLogical_PV,subPhysical
498470,106,-1,gamma,24.8009,0,5.02635,7.8,-2.76932,1.07668,detectLogical_PV,sourcePhysical
498730,141,-1,gamma,21.9609,0,3.66508,7.8,-0.408575,1.59061,detectLogical_PV,subPhysical
499084,126,-1,gamma,22.139,0,4.80026,7.8,-3.04467,0.0588889,detectLogical_PV,subPhysical
499540,147,-1,gamma,24.9205,0,7.66934,7.36452,-3.87229,0.17718,detectLogical_PV,sourcePhysical
