#class tools::wcsv::ntuple
#title APXS Detector Hits
#separator 44
#vector_separator 59
#column int EventID
#column int TrackID
#column int MigrantID
#column string Particle
#column double InitialEnergy
#column double DepositedEnergy
#column double XPosition
#column double YPosition
#column double ZPosition
#column double LocalTime
#column string Volume
#column string ParentVolume
458,103,-1,e-,148.506,4.32339e-23,9.60295,7.8,1.24689,4.90574,detectLogical_PV,sourcePhysical
1036,158,-1,e-,66.6829,6.86105e-23,7.70147,7.8,0.475214,2.98023,detectLogical_PV,sourcePhysical
1175,103,-1,e-,41.4411,5.14532e-23,2.88615,7.5781,-1.30679,0.664146,detectLogical_PV,sourcePhysical
2186,103,-1,e-,191.797,9.84457e-24,7.76848,7.4107,-3.84526,4.43796,detectLogical_PV,sourcePhysical
2347,113,-1,e-,67.4543,8.16025e-23,6.4952,7.8,1.73468,1.65425,detectLogical_PV,sourcePhysical
2846,291,-1,e-,64.2745,5.5787e-23,4.80708,7.8,1.41718,5.04459,detectLogical_PV,sourcePhysical
3387,103,-1,e-,95.4396,3.69306e-23,8.09832,7.8,-1.46937,5.97911,detectLogical_PV,sourcePhysical
3519,106,-1,e-,129.991,2.94764e-23,5.48558,7.8,-1.11566,11.0459,detectLogical_PV,sourcePhysical
4572,103,-1,e-,110.609,3.41563e-23,6.34746,7.8,-1.56355,3.21179,detectLogical_PV,worldPhysical
5445,103,-1,e-,13.9913,1.98696e-22,4.44232,7.8,1.61019,15.1585,detectLogical_PV,sourcePhysical
6391,103,-1,e-,115.297,4.08431e-23,8.91519,7.8,2.09034,3.19513,detectLogical_PV,sourcePhysical
8088,103,-1,e-,61.0328,5.26889e-23,5.95894,7.8,1.87209,16.7345,detectLogical_PV,sourcePhysical
8393,103,-1,e-,63.0247,5.93707e-23,6.89012,7.8,-2.5112,6.53492,detectLogical_PV,sourcePhysical
8535,103,-1,e-,77.1728,4.34964e-23,6.97396,7.8,0.139922,3.97941,detectLogical_PV,sourcePhysical
8904,120,-1,e-,90.7437,4.4454e-23,9.18656,7.8,2.86299,12.5284,detectLogical_PV,worldPhysical
8948,133,-1,e-,3.10505,7.4104e-22,6.9302,7.8,-2.84674,8.31291,detectLogical_PV,sourcePhysical
9389,103,-1,e-,87.465,3.71911e-23,3.69062,7.8,-1.13128,1.50869,detectLogical_PV,sourcePhysical
10993,103,-1,e-,60.4446,5.09854e-23,9.24915,7.65364,3.05463,5.42554,detectLogical_PV,sourcePhysical
12474,103,-1,e-,69.7795,4.74341e-23,9.62558,7.77988,-2.69162,17.3429,detectLogical_PV,worldPhysical
13132,103,-1,e-,129.905,3.75585e-23,6.48881,7.8,-1.95396,19.2837,detectLogical_PV,sourcePhysical
13238,120,-1,e-,19.1334,1.48115e-22,6.4524,7.8,-3.3029,1.46077,detectLogical_PV,sourcePhysical
13773,103,-1,e-,82.1198,7.80012e-23,9.82182,7.8,-2.18871,17.1078,detectLogical_PV,sourcePhysical
14435,189,-1,e-,81.2245,1.00348e-23,10.5717,7.39223,-0.86642,6.4325,detectLogical_PV,sourcePhysical
14463,138,-1,e-,60.0528,5.81317e-23,8.91968,7.8,-2.64311,4.75992,detectLogical_PV,sourcePhysical
14743,321,-1,e-,57.5217,5.3613e-23,10.132,7.8,1.13748,2.53136,detectLogical_PV,sourcePhysical
16283,265,-1,e-,34.5689,2.03721e-22,4.45041,7.8,-1.26863,4.4106,detectLogical_PV,sourcePhysical
16521,176,-1,e-,41.0119,6.12207e-24,9.26756,7.31913,3.03898,9.14675,detectLogical_PV,sourcePhysical
16806,120,-1,e-,101.795,5.24857e-23,8.48576,7.8,1.49375,9.51907,detectLogical_PV,sourcePhysical
16932,103,-1,e-,26.9854,1.27699e-22,8.39769,7.8,-1.07481,0.641787,detectLogical_PV,sourcePhysical
18310,103,-1,e-,39.5271,7.11032e-23,6.87091,7.8,3.38252,6.80167,detectLogical_PV,sourcePhysical
18714,106,-1,e-,141.789,4.2966e-23,8.6062,7.8,-2.73916,6.72036,detectLogical_PV,sourcePhysical
20800,103,-1,e-,52.1059,3.77071e-24,7.36074,7.32736,-3.93932,0.663781,detectLogical_PV,sourcePhysical
22428,103,-1,e-,69.633,1.81373e-23,9.07286,7.36565,-3.19535,4.74309,detectLogical_PV,sourcePhysical
23482,182,-1,e-,97.4156,3.76639e-23,4.97717,7.8,-2.32752,0.89003,detectLogical_PV,sourcePhysical
25256,152,-1,e-,23.9801,1.49232e-22,7.14011,7.8,2.11611,0.229715,detectLogical_PV,sourcePhysical
25476,103,-1,e-,31.8654,1.58713e-22,8.31214,7.8,0.0464755,7.72376,detectLogical_PV,sourcePhysical
25833,429,-1,gamma,6.36271,0,5.33294,7.8,1.02014,4.68726,detectLogical_PV,NA
26054,310,-1,e-,80.7556,6.43314e-23,7.93453,7.8,-2.07681,4.90271,detectLogical_PV,sourcePhysical
27711,161,-1,e-,13.1229,1.89238e-22,5.77721,7.8,1.94408,5.64249,detectLogical_PV,sourcePhysical
28053,103,-1,e-,87.4198,1.57719e-23,5.28966,7.46159,-3.75551,8.71857,detectLogical_PV,sourcePhysical
29329,103,-1,e-,102.943,4.57248e-23,8.44474,7.8,-0.195864,7.4809,detectLogical_PV,sourcePhysical
30790,127,-1,gamma,7.01695,0,4.3524,7.8,-0.436399,9.41479,detectLogical_PV,NA
31548,103,-1,e-,57.1053,5.72753e-23,8.24426,7.8,2.80686,6.57661,detectLogical_PV,sourcePhysical
33333,148,-1,e-,16.1643,2.14719e-22,7.34981,7.8,3.71645,0.983169,detectLogical_PV,sourcePhysical
34008,244,-1,e-,63.0639,5.04736e-23,4.55608,7.8,-0.678612,9.58487,detectLogical_PV,sourcePhysical
34506,103,-1,e-,63.8705,4.7544e-23,7.99442,7.8,-2.04983,0.00440612,detectLogical_PV,sourcePhysical
35146,151,-1,e-,21.2299,1.37762e-22,10.4176,7.8,1.10665,3.97116,detectLogical_PV,sourcePhysical
35624,103,-1,e-,132.672,3.35109e-23,5.30048,7.8,-0.598921,0.715473,detectLogical_PV,sourcePhysical
36292,103,-1,e-,148.067,3.6776e-23,4.80743,7.8,-1.77568,1.65485,detectLogical_PV,sourcePhysical
36760,135,-1,e-,84.9723,8.31756e-23,10.496,7.71429,-1.15611,22.3453,detectLogical_PV,sourcePhysical
38127,103,-1,e-,56.1578,8.32027e-23,7.24056,7.8,0.211168,5.052,detectLogical_PV,sourcePhysical
38944,103,-1,e-,64.2826,5.17337e-23,9.88809,7.8,0.526148,1.24668,detectLogical_PV,sourcePhysical
40208,143,-1,e-,31.0561,9.19079e-23,6.53956,7.8,3.46947,4.76411,detectLogical_PV,sourcePhysical
41396,186,-1,e-,27.981,1.11319e-22,4.21406,7.8,1.52836,10.3991,detectLogical_PV,sourcePhysical
41501,222,-1,e-,45.4221,6.47744e-23,4.10185,7.8,1.76027,4.53234,detectLogical_PV,sourcePhysical
42740,154,-1,e-,67.8304,5.32207e-23,8.9668,7.8,-1.28727,8.40488,detectLogical_PV,worldPhysical
43014,233,-1,e-,69.2847,6.83647e-23,9.17054,7.8,1.00509,2.21871,detectLogical_PV,sourcePhysical
43568,153,-1,e-,23.8309,2.62107e-22,7.35478,7.8,-3.37574,3.10349,detectLogical_PV,sourcePhysical
43927,103,-1,e-,96.8119,4.49528e-23,7.97283,7.8,2.91635,9.5656,detectLogical_PV,sourcePhysical
44047,118,-1,e-,164.962,2.52025e-23,6.76176,7.8,-0.965169,6.0917,detectLogical_PV,sourcePhysical
44834,103,-1,e-,125.871,3.2448e-23,5.93625,7.8,-0.0908213,3.50107,detectLogical_PV,sourcePhysical
45047,103,-1,e-,89.0684,3.98039e-23,7.48634,7.8,-2.45853,11.3434,detectLogical_PV,sourcePhysical
45603,152,-1,e-,41.5652,8.33938e-23,8.8723,7.8,2.14666,12.189,detectLogical_PV,sourcePhysical
45940,103,-1,e-,20.4503,1.25377e-22,7.10348,7.8,-1.32423,1.28905,detectLogical_PV,sourcePhysical
46230,174,-1,e-,50.5819,1.07226e-22,9.97994,7.8,-2.20397,21.7743,detectLogical_PV,sourcePhysical
46399,148,-1,e-,75.2752,4.45556e-23,4.11692,7.8,-1.04793,4.34573,detectLogical_PV,worldPhysical
47408,106,-1,e-,136.733,5.07092e-23,8.03631,7.8,-1.98921,5.2921,detectLogical_PV,sourcePhysical
48237,103,-1,e-,48.4242,6.17439e-23,4.51131,7.8,0.432055,3.22759,detectLogical_PV,sourcePhysical
50311,103,-1,e-,114.174,1.05716e-24,3.66321,7.31259,2.64183,32.8486,detectLogical_PV,sourcePhysical
50561,135,-1,e-,47.5813,7.9724e-23,7.52099,7.8,1.88114,2.22852,detectLogical_PV,sourcePhysical
50742,103,-1,e-,50.4706,6.1061e-23,5.15031,7.8,0.647558,3.19968,detectLogical_PV,sourcePhysical
51989,206,-1,e-,55.5979,5.70032e-23,6.23071,7.8,3.36249,3.42346,detectLogical_PV,sourcePhysical
52203,111,-1,e-,158.226,2.69391e-23,7.92848,7.8,3.08969,16.0954,detectLogical_PV,sourcePhysical
53412,103,-1,e-,26.4314,1.26394e-22,7.329,7.8,1.20875,4.45491,detectLogical_PV,sourcePhysical
53601,113,-1,e-,194.564,2.63192e-23,7.33228,7.8,-0.462998,17.3958,detectLogical_PV,sourcePhysical
54285,103,-1,e-,47.9694,9.43791e-23,7.65952,7.8,0.0750008,0.398015,detectLogical_PV,sourcePhysical
54459,150,-1,e-,133.49,3.91896e-23,8.46316,7.76412,3.57388,34.9746,detectLogical_PV,sourcePhysical
54563,103,-1,e-,26.6423,1.62447e-22,6.66105,7.8,-0.0903446,7.88419,detectLogical_PV,sourcePhysical
55281,103,-1,e-,17.3806,1.65613e-22,8.2173,7.8,-0.432065,2.58744,detectLogical_PV,sourcePhysical
55392,103,-1,e-,62.5376,5.25939e-23,3.04481,7.8,-1.4836,22.1542,detectLogical_PV,sourcePhysical
55583,103,-1,e-,102.266,5.09574e-23,8.18619,7.8,-2.12729,4.73647,detectLogical_PV,sourcePhysical
55620,103,-1,e-,154.41,3.85779e-23,9.78181,7.8,-1.99906,1.73255,detectLogical_PV,sourcePhysical
56001,103,-1,e-,43.1277,6.78541e-23,7.95115,7.8,-0.645203,0.194725,detectLogical_PV,sourcePhysical
56065,171,-1,e-,81.0248,4.90585e-23,8.0243,7.8,1.66772,14.1075,detectLogical_PV,sourcePhysical
56786,170,-1,e-,14.761,3.44764e-22,3.50923,7.73128,2.45573,0.535593,detectLogical_PV,sourcePhysical
56869,108,-1,e-,51.9026,5.69737e-23,5.62521,7.8,-1.18298,24.123,detectLogical_PV,sourcePhysical
56977,182,-1,e-,103.637,5.1963e-23,6.85486,7.8,-0.0359716,5.88839,detectLogical_PV,sourcePhysical
58244,103,-1,e-,36.4894,8.17996e-23,4.76315,7.8,-1.70718,9.06715,detectLogical_PV,sourcePhysical
59162,279,-1,e-,34.9189,1.23315e-22,5.78915,7.8,-3.69055,5.76478,detectLogical_PV,sourcePhysical
59429,103,-1,e-,47.4048,6.1891e-23,5.00224,7.8,-0.583777,28.6139,detectLogical_PV,sourcePhysical
61406,103,-1,e-,46.2943,6.69232e-23,6.21288,7.8,1.1496,0.225602,detectLogical_PV,sourcePhysical
61825,355,-1,e-,33.6086,1.63968e-22,10.2495,7.8,0.118739,20.8725,detectLogical_PV,sourcePhysical
61825,355,-1,e-,7.51048,6.93509e-22,8.35376,7.3,-0.525218,20.8725,detectLogical_PV,sourcePhysical
62509,103,-1,e-,30.2186,9.50779e-23,6.65137,7.8,0.668679,8.57554,detectLogical_PV,sourcePhysical
63721,103,-1,e-,76.5713,4.19892e-23,4.68589,7.8,0.687916,4.33681,detectLogical_PV,sourcePhysical
64268,103,-1,e-,73.8444,9.1314e-23,9.8753,7.8,-1.40133,11.3435,detectLogical_PV,sourcePhysical
65538,103,-1,e-,78.1757,6.04525e-23,7.78853,7.8,0.17432,0.0445886,detectLogical_PV,sourcePhysical
67042,117,-1,e-,49.9925,6.33643e-23,5.5493,7.8,-1.47427,7.66823,detectLogical_PV,sourcePhysical
68534,103,-1,e-,92.7422,3.92807e-23,7.78041,7.8,-3.15468,10.4501,detectLogical_PV,sourcePhysical
69035,185,-1,e-,135.349,3.29655e-23,7.25585,7.8,2.59915,8.00604,detectLogical_PV,sourcePhysical
69173,103,-1,e-,39.2108,8.80309e-23,6.50712,7.8,1.78327,13.3334,detectLogical_PV,sourcePhysical
69573,103,-1,e-,77.9363,6.14139e-23,7.23917,7.8,-3.01585,12.524,detectLogical_PV,worldPhysical
70796,167,-1,e-,136.026,3.72009e-23,7.23599,7.63214,-3.95928,5.87563,detectLogical_PV,sourcePhysical
71522,154,-1,e-,135.925,2.85618e-23,6.11914,7.8,3.60408,1.70833,detectLogical_PV,sourcePhysical
72089,103,-1,e-,68.3929,4.82913e-23,5.08261,7.8,-2.10199,0.0378877,detectLogical_PV,sourcePhysical
72572,103,-1,e-,17.1062,1.53666e-22,3.4114,7.8,-0.42117,7.24383,detectLogical_PV,sourcePhysical
72620,120,-1,e-,122.277,4.19778e-23,8.63078,7.8,-2.92105,6.94424,detectLogical_PV,sourcePhysical
72803,103,-1,e-,107.39,5.87318e-23,8.25742,7.8,0.22879,11.8992,detectLogical_PV,sourcePhysical
74588,122,-1,e-,52.0532,4.16857e-25,10.6137,7.30283,-0.649008,31.9147,detectLogical_PV,sourcePhysical
75489,217,-1,e-,85.4955,4.00379e-23,9.58355,7.8,-0.815955,11.875,detectLogical_PV,worldPhysical
75779,118,-1,e-,69.9232,3.55231e-23,9.57655,7.49786,2.74456,35.7612,detectLogical_PV,sourcePhysical
77547,103,-1,e-,73.0376,8.75941e-23,8.96163,7.8,0.293176,5.82419,detectLogical_PV,sourcePhysical
78102,103,-1,e-,66.9622,5.52706e-23,3.67627,7.8,0.758952,1.32342,detectLogical_PV,sourcePhysical
78372,103,-1,e-,48.869,1.35533e-22,5.62306,7.8,3.6646,4.9169,detectLogical_PV,sourcePhysical
79134,106,-1,e-,78.528,9.97744e-23,8.94932,7.8,2.0565,11.1558,detectLogical_PV,sourcePhysical
80215,130,-1,e-,114.911,4.55237e-23,7.46427,7.8,1.55976,7.36724,detectLogical_PV,sourcePhysical
81216,107,-1,e-,14.1881,1.75214e-22,8.45242,7.8,-1.53857,5.39563,detectLogical_PV,sourcePhysical
82824,103,-1,e-,46.493,6.77482e-23,4.48285,7.8,2.65426,1.78957,detectLogical_PV,sourcePhysical
85193,176,-1,e-,25.3532,4.32852e-23,3.63508,7.46993,-2.6095,12.4757,detectLogical_PV,sourcePhysical
85201,111,-1,e-,50.269,6.50113e-23,5.91924,7.8,1.47533,2.30627,detectLogical_PV,sourcePhysical
89075,189,-1,e-,53.3458,5.92968e-23,7.05258,7.8,0.855318,25.6409,detectLogical_PV,sourcePhysical
89122,114,-1,e-,84.0684,7.02814e-23,7.3032,7.8,-0.740491,0.799542,detectLogical_PV,sourcePhysical
89293,103,-1,e-,64.0316,5.12427e-23,3.55508,7.8,-0.506054,28.431,detectLogical_PV,sourcePhysical
90178,103,-1,e-,157.024,3.27797e-23,4.63282,7.8,-1.1524,1.18378,detectLogical_PV,sourcePhysical
90821,103,-1,e-,8.25888,5.64977e-22,4.85953,7.8,3.31767,6.54995,detectLogical_PV,sourcePhysical
93649,186,-1,gamma,48.8578,0,8.17156,7.65221,-3.70612,10.6413,detectLogical_PV,sourcePhysical
94470,103,-1,e-,14.1375,2.07915e-22,8.29104,7.77712,-3.65533,4.29015,detectLogical_PV,worldPhysical
94571,116,-1,e-,105.075,3.24897e-23,5.60933,7.8,1.53531,16.8564,detectLogical_PV,sourcePhysical
95183,103,-1,e-,26.1628,1.67656e-22,3.40363,7.8,1.65127,16.661,detectLogical_PV,sourcePhysical
95469,103,-1,e-,19.3036,1.36096e-22,4.66186,7.8,1.01749,2.38617,detectLogical_PV,sourcePhysical
95969,103,-1,e-,54.9894,6.5371e-23,6.73791,7.8,-3.99512,5.41964,detectLogical_PV,sourcePhysical
97592,103,-1,e-,23.3703,1.09252e-22,4.84595,7.8,1.83053,11.3015,detectLogical_PV,sourcePhysical
97611,543,-1,e-,15.1573,9.17036e-23,10.5985,7.52698,-0.735488,3.74171,detectLogical_PV,sourcePhysical
98548,122,-1,gamma,7.93843,0,3.20913,7.55924,2.01133,1.23809,detectLogical_PV,targetPhysical
98577,154,-1,e-,35.2176,7.69977e-23,6.47709,7.8,-0.732879,12.8993,detectLogical_PV,sourcePhysical
99633,103,-1,e-,12.4209,1.92016e-22,8.98353,7.8,-0.855682,25.4979,detectLogical_PV,sourcePhysical
100960,376,-1,e-,72.8545,4.45694e-23,8.88755,7.8,-0.340468,4.7455,detectLogical_PV,sourcePhysical
100980,103,-1,e-,104.431,2.22398e-23,5.03506,7.53653,3.6521,9.45592,detectLogical_PV,sourcePhysical
101155,118,-1,e-,104.637,4.5405e-23,9.66929,7.8,0.967227,11.5268,detectLogical_PV,sourcePhysical
101478,103,-1,e-,31.1103,1.28145e-22,7.18302,7.8,2.88331,4.7673,detectLogical_PV,sourcePhysical
103123,109,-1,e-,27.1776,1.25644e-22,9.68958,7.8,-1.60234,1.8806,detectLogical_PV,sourcePhysical
103791,103,-1,e-,53.8577,4.32268e-23,10.6272,7.41141,0.560396,1.08957,detectLogical_PV,sourcePhysical
104809,113,-1,e-,74.3395,2.37711e-23,8.80395,7.50873,3.38113,15.4549,detectLogical_PV,sourcePhysical
104988,114,-1,e-,55.0238,6.33931e-23,7.33997,7.8,1.48527,6.59184,detectLogical_PV,sourcePhysical
105016,203,-1,e-,92.4288,3.69178e-23,5.36681,7.8,1.60801,3.10563,detectLogical_PV,sourcePhysical
105323,155,-1,e-,124.326,4.02509e-23,8.92598,7.8,2.52855,20.324,detectLogical_PV,sourcePhysical
105351,127,-1,e-,32.3164,9.21034e-23,9.41445,7.8,2.33421,0.265707,detectLogical_PV,sourcePhysical
105353,291,-1,e-,22.1233,1.19442e-22,9.2268,7.8,0.329205,7.59763,detectLogical_PV,sourcePhysical
105862,178,-1,e-,34.2993,8.33598e-23,4.27936,7.8,-0.868099,2.3093,detectLogical_PV,sourcePhysical
108343,103,-1,e-,99.3529,5.88251e-23,8.16612,7.8,1.78508,0.285173,detectLogical_PV,sourcePhysical
108418,175,-1,e-,162.215,3.73556e-23,7.46863,7.8,1.46255,2.44898,detectLogical_PV,sourcePhysical
108967,127,-1,e-,49.1213,7.69349e-23,6.17593,7.8,-2.80146,1.92975,detectLogical_PV,worldPhysical
110242,200,-1,gamma,3.98099,0,4.46939,7.8,0.175403,8.96385,detectLogical_PV,NA
110778,103,-1,e-,11.3268,2.95268e-22,3.1084,7.8,0.434345,2.78166,detectLogical_PV,sourcePhysical
110976,103,-1,e-,104.926,3.6225e-23,4.05595,7.8,-2.36793,24.156,detectLogical_PV,sourcePhysical
110982,103,-1,e-,114.658,3.57181e-23,8.4774,7.8,-1.647,3.16006,detectLogical_PV,sourcePhysical
111569,107,-1,e-,27.2517,9.89393e-23,5.2726,7.8,-1.42018,20.082,detectLogical_PV,sourcePhysical
111646,103,-1,e-,37.6036,8.47105e-23,5.8512,7.8,-2.00916,1.38066,detectLogical_PV,sourcePhysical
111913,205,-1,e-,122.973,3.45636e-23,7.39392,7.8,0.823699,2.6656,detectLogical_PV,sourcePhysical
112168,126,-1,e-,35.1553,1.1125e-22,8.32007,7.8,0.768671,1.21239,detectLogical_PV,sourcePhysical
112807,103,-1,e-,39.4469,8.08621e-23,8.31656,7.8,-1.28861,1.47324,detectLogical_PV,sourcePhysical
113192,313,-1,e-,41.6659,8.59545e-23,5.70152,7.8,0.40771,3.33287,detectLogical_PV,sourcePhysical
113218,217,-1,e-,70.6275,3.7136e-23,9.2236,7.61899,-3.07605,9.20031,detectLogical_PV,sourcePhysical
113238,154,-1,e-,24.8791,1.5289e-22,5.20565,7.8,2.27267,3.7406,detectLogical_PV,sourcePhysical
115104,107,-1,e-,90.2999,4.04991e-23,7.23384,7.8,0.514765,4.6413,detectLogical_PV,sourcePhysical
115409,103,-1,e-,66.5197,5.51797e-23,7.73747,7.8,1.03256,2.33495,detectLogical_PV,sourcePhysical
115466,238,-1,e-,51.7594,7.75343e-23,7.35125,7.8,-1.98816,12.735,detectLogical_PV,worldPhysical
115606,143,-1,e-,82.7994,4.10206e-23,6.15399,7.8,-0.925304,11.0375,detectLogical_PV,sourcePhysical
118860,212,-1,e-,140.276,4.89558e-23,9.53257,7.8,1.61297,0.881392,detectLogical_PV,sourcePhysical
120526,103,-1,e-,1.41463,1.57527e-21,5.95391,7.8,-1.5423,10.7394,detectLogical_PV,sourcePhysical
120986,103,-1,e-,60.0447,4.99945e-23,7.53281,7.8,-1.48086,18.2184,detectLogical_PV,sourcePhysical
123475,225,-1,e-,61.1534,6.17796e-23,6.11309,7.8,-1.9317,2.80123,detectLogical_PV,sourcePhysical
123820,103,-1,e-,62.2543,5.2957e-23,8.94286,7.8,0.807524,5.29133,detectLogical_PV,sourcePhysical
123986,103,-1,e-,76.2955,9.14428e-23,3.60891,7.8,-1.01094,6.09264,detectLogical_PV,sourcePhysical
124379,122,-1,e-,44.3728,1.27193e-22,8.4812,7.8,-3.04227,7.23813,detectLogical_PV,sourcePhysical
125018,103,-1,e-,71.21,4.6251e-23,5.33213,7.8,1.83473,3.8304,detectLogical_PV,sourcePhysical
126648,103,-1,e-,54.5772,5.56683e-23,3.2528,7.8,-0.627972,5.77645,detectLogical_PV,sourcePhysical
127113,103,-1,e-,194.583,2.36614e-23,4.46602,7.8,3.17899,9.32641,detectLogical_PV,sourcePhysical
128157,103,-1,e-,85.0646,3.88718e-23,3.77669,7.8,0.423529,11.0753,detectLogical_PV,sourcePhysical
128416,103,-1,e-,28.3657,2.04362e-23,7.29686,7.39676,-3.95005,2.16953,detectLogical_PV,sourcePhysical
128572,313,-1,e-,88.2406,4.55134e-23,5.9874,7.8,0.86656,2.29037,detectLogical_PV,sourcePhysical
129337,127,-1,e-,17.0338,1.5878e-22,6.82025,7.8,-0.326572,3.24671,detectLogical_PV,sourcePhysical
129498,135,-1,e-,83.3139,4.64433e-23,6.4515,7.8,-3.12218,6.45673,detectLogical_PV,sourcePhysical
130421,103,-1,e-,88.8885,5.07508e-23,4.85132,7.8,-0.734355,8.14318,detectLogical_PV,sourcePhysical
131762,103,-1,e-,27.7374,9.44098e-23,3.71269,7.8,0.718238,0.124184,detectLogical_PV,sourcePhysical
133300,103,-1,e-,37.2955,1.05893e-22,5.90777,7.8,-2.25595,1.76324,detectLogical_PV,sourcePhysical
134050,103,-1,e-,76.6608,6.94028e-23,5.06112,7.8,1.67849,7.10671,detectLogical_PV,sourcePhysical
134082,271,-1,e-,19.9402,1.77892e-22,9.03074,7.8,1.78085,2.07628,detectLogical_PV,sourcePhysical
134606,103,-1,e-,96.532,3.73195e-23,4.4853,7.8,1.761,5.25535,detectLogical_PV,sourcePhysical
138422,145,-1,e-,27.491,1.19022e-22,8.4934,7.8,3.19625,7.33314,detectLogical_PV,sourcePhysical
139858,103,-1,e-,101.053,3.42147e-23,4.10528,7.8,-1.4576,1.96736,detectLogical_PV,sourcePhysical
140118,108,-1,e-,106.138,4.59748e-23,8.48487,7.8,1.44409,1.99918,detectLogical_PV,sourcePhysical
141695,174,-1,e-,46.195,8.92718e-23,7.35926,7.8,3.22053,2.39398,detectLogical_PV,worldPhysical
141828,103,-1,e-,11.657,3.29573e-22,6.94646,7.8,1.94311,3.47792,detectLogical_PV,sourcePhysical
142670,103,-1,e-,30.5976,1.29795e-22,5.61244,7.8,-2.38115,10.0593,detectLogical_PV,sourcePhysical
143322,136,-1,e-,97.2273,3.67478e-23,5.38246,7.8,-1.17867,6.411,detectLogical_PV,sourcePhysical
144793,103,-1,e-,30.9036,3.39134e-23,2.67587,7.43356,-0.271183,10.847,detectLogical_PV,sourcePhysical
145259,103,-1,e-,45.2458,7.37202e-23,5.23776,7.75438,3.73607,5.10394,detectLogical_PV,sourcePhysical
145808,103,-1,e-,115.824,4.06422e-23,8.31049,7.8,2.1452,10.8431,detectLogical_PV,sourcePhysical
146052,103,-1,e-,77.6757,5.02839e-23,9.58251,7.59758,-2.73823,8.46607,detectLogical_PV,sourcePhysical
146810,103,-1,e-,80.2719,4.66955e-23,3.37922,7.8,-1.22577,4.52506,detectLogical_PV,sourcePhysical
147941,103,-1,e-,96.3436,4.15985e-23,7.5277,7.8,-0.982494,22.4371,detectLogical_PV,sourcePhysical
149516,103,-1,e-,94.3571,5.13143e-23,9.89397,7.8,0.454109,0.884615,detectLogical_PV,sourcePhysical
150680,108,-1,e-,36.2484,9.53261e-23,3.51106,7.8,-0.427895,1.71214,detectLogical_PV,sourcePhysical
151578,103,-1,e-,38.6523,9.99432e-23,6.11372,7.8,-0.753792,13.3416,detectLogical_PV,sourcePhysical
152239,119,-1,e-,13.5828,1.84218e-22,4.84785,7.8,-0.367903,16.2116,detectLogical_PV,sourcePhysical
152295,103,-1,e-,84.0539,3.90908e-23,5.79581,7.8,1.90677,1.48105,detectLogical_PV,sourcePhysical
152720,212,-1,e-,125.161,3.08868e-23,5.13054,7.8,0.930899,1.25408,detectLogical_PV,sourcePhysical
154424,180,-1,e-,77.1715,2.63022e-23,9.6479,7.58148,2.66687,2.85749,detectLogical_PV,sourcePhysical
154460,142,-1,e-,91.5184,3.8051e-23,5.77863,7.8,-0.412008,4.81796,detectLogical_PV,sourcePhysical
154567,109,-1,e-,58.9424,6.33432e-23,7.46316,7.8,-3.08981,5.49603,detectLogical_PV,sourcePhysical
155003,103,-1,e-,26.461,1.0276e-22,3.21496,7.8,-1.52323,8.01927,detectLogical_PV,sourcePhysical
155855,132,-1,e-,100.427,3.52512e-23,6.43369,7.8,-0.349574,2.23511,detectLogical_PV,sourcePhysical
156297,131,-1,e-,101.712,4.45252e-23,6.51889,7.8,2.25477,2.42442,detectLogical_PV,worldPhysical
157941,103,-1,e-,113.596,6.46333e-23,9.52704,7.8,1.25391,11.1916,detectLogical_PV,sourcePhysical
159087,103,-1,e-,114.524,5.96832e-23,8.28557,7.8,-3.18508,0.272125,detectLogical_PV,sourcePhysical
161428,254,-1,e-,61.3626,5.11955e-23,4.02874,7.8,0.119399,0.52335,detectLogical_PV,sourcePhysical
162392,103,-1,e-,131.943,4.11007e-23,6.61607,7.8,1.02096,2.47426,detectLogical_PV,sourcePhysical
162696,103,-1,e-,87.9,4.58799e-23,4.82724,7.8,-1.35537,1.71058,detectLogical_PV,sourcePhysical
163317,103,-1,e-,92.6093,3.64198e-23,3.39855,7.8,-0.889345,13.2144,detectLogical_PV,sourcePhysical
163471,113,-1,e-,181.319,2.51867e-23,4.6914,7.8,-0.396679,7.22483,detectLogical_PV,sourcePhysical
164020,103,-1,e-,94.6588,5.3601e-23,6.88818,7.8,3.44872,26.1139,detectLogical_PV,worldPhysical
164527,103,-1,e-,63.9895,5.13511e-23,8.7292,7.8,-1.39728,47.0471,detectLogical_PV,worldPhysical
165081,129,-1,e-,110.561,3.43978e-23,8.62975,7.8,-1.37997,3.62352,detectLogical_PV,sourcePhysical
165794,103,-1,e-,17.496,1.53613e-22,8.78753,7.8,-2.05721,4.14452,detectLogical_PV,worldPhysical
165922,103,-1,e-,78.662,4.37189e-23,5.57766,7.8,0.471428,11.2345,detectLogical_PV,sourcePhysical
167294,103,-1,e-,3.44007,6.93804e-22,5.62099,7.8,2.15777,5.60506,detectLogical_PV,sourcePhysical
167672,107,-1,e-,32.4619,8.69177e-23,8.7311,7.8,2.4924,9.12023,detectLogical_PV,sourcePhysical
168338,153,-1,e-,72.537,6.39428e-23,3.3867,7.8,-0.260342,13.1215,detectLogical_PV,sourcePhysical
168524,103,-1,e-,54.0443,6.69897e-23,7.08459,7.8,-2.81423,11.5291,detectLogical_PV,sourcePhysical
168647,103,-1,e-,44.1894,6.9421e-23,7.16801,7.8,1.65915,3.36793,detectLogical_PV,sourcePhysical
169355,163,-1,e-,89.7002,6.03096e-23,9.43828,7.8,-2.04679,11.1426,detectLogical_PV,sourcePhysical
169386,160,-1,e-,166.105,5.72459e-23,10.293,7.8,0.123657,2.45665,detectLogical_PV,sourcePhysical
170353,103,-1,e-,66.0245,4.74662e-23,5.07067,7.8,-1.6328,11.3193,detectLogical_PV,sourcePhysical
170686,229,-1,e-,61.4562,4.97261e-23,8.86758,7.8,0.112652,0.600051,detectLogical_PV,sourcePhysical
171301,103,-1,e-,44.8673,8.57635e-23,4.99589,7.8,-2.83466,0.322425,detectLogical_PV,sourcePhysical
171393,103,-1,e-,56.6934,5.46076e-23,9.18448,7.8,0.829098,10.3079,detectLogical_PV,sourcePhysical
172905,103,-1,e-,213.831,2.75973e-23,5.92799,7.8,-0.687172,16.3041,detectLogical_PV,sourcePhysical
173106,228,-1,e-,46.8671,7.85905e-23,5.31958,7.76015,3.76635,15.0929,detectLogical_PV,sourcePhysical
173883,267,-1,e-,90.4973,3.88735e-23,6.12726,7.8,-0.942403,6.94612,detectLogical_PV,sourcePhysical
174075,103,-1,e-,151.107,2.95956e-23,10.4823,7.63968,1.20043,2.02115,detectLogical_PV,sourcePhysical
174602,211,-1,e-,878.054,3.11791e-23,5.22993,7.8,-0.18321,3.54185,detectLogical_PV,sourcePhysical
174662,145,-1,e-,17.7117,2.87859e-22,8.9251,7.8,-3.09375,5.07837,detectLogical_PV,sourcePhysical
174952,103,-1,e-,77.4492,4.24195e-23,3.89785,7.8,-1.46032,1.37422,detectLogical_PV,sourcePhysical
175162,103,-1,e-,14.2145,2.30592e-22,5.342,7.8,1.49233,7.36981,detectLogical_PV,worldPhysical
176161,201,-1,gamma,60.0348,0,6.34365,7.8,-0.000295954,4.10669,detectLogical_PV,subPhysical
176447,103,-1,e-,22.7058,1.44467e-22,10.1335,7.8,-0.895884,4.37718,detectLogical_PV,sourcePhysical
176901,103,-1,e-,101.595,5.81291e-23,7.21612,7.8,0.255589,6.73292,detectLogical_PV,sourcePhysical
177098,103,-1,e-,49.2795,8.41562e-23,8.41439,7.8,2.00143,19.0911,detectLogical_PV,sourcePhysical
178375,103,-1,e-,28.5928,1.34744e-22,3.24464,7.8,2.06104,1.98239,detectLogical_PV,sourcePhysical
178857,103,-1,e-,35.773,8.23084e-23,6.75672,7.8,-0.86338,2.47202,detectLogical_PV,sourcePhysical
178995,103,-1,e-,73.9053,4.9775e-23,8.48959,7.8,3.05889,13.6108,detectLogical_PV,sourcePhysical
179028,103,-1,e-,39.8299,5.97007e-23,10.3239,7.49041,1.62016,45.6236,detectLogical_PV,sourcePhysical
180819,117,-1,e-,42.5563,6.71118e-23,8.90348,7.8,-1.50303,18.896,detectLogical_PV,sourcePhysical
180894,130,-1,e-,45.6944,6.51632e-23,7.20807,7.74242,3.96319,2.63551,detectLogical_PV,sourcePhysical
181514,116,-1,e-,12.9138,1.98011e-22,5.81613,7.8,-2.04235,3.64921,detectLogical_PV,sourcePhysical
182093,103,-1,e-,127.087,3.63569e-23,6.97989,7.8,-1.33438,8.10618,detectLogical_PV,sourcePhysical
183716,103,-1,e-,96.9959,6.38134e-23,10.0233,7.8,0.673763,7.09535,detectLogical_PV,sourcePhysical
184108,283,-1,e-,64.7586,4.66774e-23,5.68827,7.8,2.59836,8.08162,detectLogical_PV,sourcePhysical
184151,215,-1,e-,95.9783,4.83744e-23,7.31933,7.8,-0.67505,3.42609,detectLogical_PV,sourcePhysical
184999,103,-1,e-,23.2958,1.42737e-22,6.60231,7.8,-1.17441,5.37016,detectLogical_PV,sourcePhysical
186201,103,-1,e-,126.757,3.59037e-23,9.99969,7.8,0.829946,12.9222,detectLogical_PV,sourcePhysical
186310,106,-1,e-,11.5356,2.1168e-22,8.32314,7.8,3.52676,2.99232,detectLogical_PV,sourcePhysical
187014,103,-1,e-,121.403,3.60672e-23,6.13533,7.8,-0.671481,5.59546,detectLogical_PV,sourcePhysical
187045,103,-1,e-,27.1779,1.37501e-22,4.56802,7.8,-3.3241,0.00961883,detectLogical_PV,sourcePhysical
187820,103,-1,e-,37.2332,9.72382e-23,7.87992,7.8,3.65427,2.17394,detectLogical_PV,sourcePhysical
188332,109,-1,e-,175.271,3.02309e-23,9.29067,7.8,-2.79615,3.47405,detectLogical_PV,sourcePhysical
189470,103,-1,e-,44.3034,7.01654e-23,4.47012,7.8,0.731546,0.573502,detectLogical_PV,sourcePhysical
189583,245,-1,e-,99.9999,3.87653e-23,5.60624,7.8,1.11823,11.6821,detectLogical_PV,sourcePhysical
189829,103,-1,e-,93.4555,4.17382e-23,7.41408,7.8,-2.17868,5.29616,detectLogical_PV,sourcePhysical
190932,218,-1,e-,40.5394,1.40692e-22,10.4344,7.60972,1.34332,1.20426,detectLogical_PV,sourcePhysical
192438,115,-1,e-,30.4204,8.82784e-23,4.47522,7.8,-0.0304488,1.05267,detectLogical_PV,sourcePhysical
192708,116,-1,e-,86.0305,4.094e-23,3.53154,7.8,-0.482613,1.09791,detectLogical_PV,sourcePhysical
193050,103,-1,e-,111.698,3.5667e-23,7.66472,7.8,-1.2966,17.0166,detectLogical_PV,sourcePhysical
194050,103,-1,e-,38.1445,1.34276e-22,7.51,7.8,-2.7026,11.1025,detectLogical_PV,sourcePhysical
194100,204,-1,e-,42.8617,8.02878e-23,10.0368,7.71819,-2.15452,3.58936,detectLogical_PV,sourcePhysical
194274,103,-1,e-,65.4489,4.82456e-23,3.56498,7.8,0.112811,26.1191,detectLogical_PV,sourcePhysical
195461,103,-1,e-,27.4126,1.07812e-22,7.15044,7.8,-3.65826,2.45798,detectLogical_PV,sourcePhysical
196256,103,-1,e-,49.3757,7.77188e-23,5.6739,7.8,-0.184466,7.3782,detectLogical_PV,sourcePhysical
196890,103,-1,e-,47.874,6.50868e-23,7.01834,7.8,2.03812,0.129629,detectLogical_PV,sourcePhysical
196944,348,-1,e-,44.4694,8.16659e-23,3.27847,7.8,1.12889,2.10169,detectLogical_PV,sourcePhysical
197824,103,-1,e-,112.179,5.42905e-23,8.61398,7.8,0.902464,13.3246,detectLogical_PV,sourcePhysical
197993,188,-1,e-,91.642,3.93546e-23,7.97842,7.8,1.57126,9.97775,detectLogical_PV,sourcePhysical
199046,180,-1,e-,17.3315,1.97815e-22,7.55619,7.8,0.131382,0.933215,detectLogical_PV,sourcePhysical
199865,103,-1,e-,170.834,2.69384e-23,6.86382,7.8,-0.142743,0.835655,detectLogical_PV,worldPhysical
200037,103,-1,e-,15.1327,1.98665e-22,5.82793,7.8,-1.29547,8.0894,detectLogical_PV,sourcePhysical
201517,221,-1,e-,16.6095,2.94414e-22,8.43043,7.59668,3.59014,1.54573,detectLogical_PV,sourcePhysical
201661,103,-1,e-,125.748,4.26475e-23,7.71345,7.8,3.52751,2.515,detectLogical_PV,sourcePhysical
202476,103,-1,e-,56.8883,5.93101e-23,6.35845,7.8,-0.410441,2.89219,detectLogical_PV,sourcePhysical
204657,264,-1,e-,16.9228,1.59104e-22,6.03083,7.8,-1.92708,10.1334,detectLogical_PV,sourcePhysical
205065,114,-1,e-,63.6085,5.92516e-23,8.08566,7.8,3.43491,0.539192,detectLogical_PV,sourcePhysical
205278,392,-1,e-,79.7428,3.41856e-23,9.14256,7.61303,-3.14165,16.4792,detectLogical_PV,sourcePhysical
205406,103,-1,e-,36.2138,1.1135e-22,3.40718,7.8,2.12366,16.1007,detectLogical_PV,sourcePhysical
205414,103,-1,e-,98.2815,3.69988e-23,4.84558,7.8,0.678785,5.02629,detectLogical_PV,sourcePhysical
206355,103,-1,e-,8.91719,2.91342e-22,5.7109,7.8,1.19401,5.38475,detectLogical_PV,sourcePhysical
206721,103,-1,e-,77.4506,6.18286e-23,9.27953,7.8,-0.285648,18.3572,detectLogical_PV,sourcePhysical
206922,103,-1,e-,28.6136,1.00007e-22,9.52843,7.8,0.537349,0.0862933,detectLogical_PV,sourcePhysical
207057,103,-1,e-,46.2545,7.23324e-23,7.20545,7.8,0.488722,14.5308,detectLogical_PV,sourcePhysical
207654,164,-1,e-,36.1521,1.84537e-22,9.24508,7.8,-2.98898,2.59269,detectLogical_PV,sourcePhysical
208064,235,-1,e-,21.042,2.62913e-22,7.72637,7.8,3.66313,10.1351,detectLogical_PV,sourcePhysical
208274,215,-1,e-,80.1879,4.27683e-23,5.90399,7.8,0.530981,3.71155,detectLogical_PV,sourcePhysical
208854,107,-1,e-,171.018,2.57964e-23,7.56142,7.8,2.28383,14.9382,detectLogical_PV,sourcePhysical
209184,109,-1,e-,89.8525,5.04214e-23,9.68716,7.8,0.470673,9.26832,detectLogical_PV,worldPhysical
209711,108,-1,e-,51.0752,6.70296e-23,5.30077,7.8,-1.4504,7.14572,detectLogical_PV,sourcePhysical
210389,103,-1,e-,103.347,3.92221e-23,6.92455,7.8,-2.02505,1.85794,detectLogical_PV,sourcePhysical
210449,103,-1,e-,9.12481,2.6403e-22,6.46855,7.8,1.03414,6.39218,detectLogical_PV,sourcePhysical
210624,161,-1,e-,114.695,4.16905e-23,9.77496,7.8,0.22483,0.130995,detectLogical_PV,sourcePhysical
210952,103,-1,e-,43.2399,8.01356e-23,7.63533,7.8,-0.498156,12.7788,detectLogical_PV,sourcePhysical
211789,103,-1,e-,98.4535,4.12478e-23,6.66524,7.8,-2.19743,3.12491,detectLogical_PV,sourcePhysical
212361,103,-1,e-,62.9124,6.50433e-23,5.42497,7.8,2.56684,10.5729,detectLogical_PV,sourcePhysical
213926,159,-1,e-,14.1632,1.92112e-22,5.79178,7.8,1.17035,4.4775,detectLogical_PV,sourcePhysical
215249,111,-1,e-,170.337,3.16279e-23,7.41516,7.8,2.48369,23.8562,detectLogical_PV,sourcePhysical
217186,117,-1,e-,50.7427,5.73025e-23,5.07355,7.8,-0.451219,4.06283,detectLogical_PV,sourcePhysical
218877,192,-1,e-,54.245,3.40744e-23,7.02676,7.43173,3.98376,7.70141,detectLogical_PV,sourcePhysical
219412,103,-1,e-,59.7512,4.99264e-23,8.82398,7.8,-2.215,8.87964,detectLogical_PV,sourcePhysical
219718,157,-1,e-,32.3014,2.43078e-22,4.48209,7.8,-0.771573,11.0036,detectLogical_PV,sourcePhysical
220032,103,-1,e-,119.862,3.46408e-23,8.49955,7.8,-1.93887,1.1918,detectLogical_PV,sourcePhysical
220728,281,-1,e-,65.6562,8.17155e-23,7.72044,7.8,-0.682516,19.5795,detectLogical_PV,sourcePhysical
221824,209,-1,e-,40.2359,1.20105e-22,8.10462,7.8,-2.28731,0.85733,detectLogical_PV,sourcePhysical
222466,103,-1,e-,80.2816,7.02113e-23,10.4988,7.8,-0.233326,14.2178,detectLogical_PV,sourcePhysical
222840,287,-1,e-,545.474,1.7149e-23,4.8129,7.8,0.24052,2.601,detectLogical_PV,sourcePhysical
223649,103,-1,e-,30.7677,9.56014e-23,6.03755,7.8,1.75078,1.39862,detectLogical_PV,sourcePhysical
224247,296,-1,e-,5.07788,5.40992e-22,6.47434,7.8,-3.16736,4.22557,detectLogical_PV,sourcePhysical
225723,103,-1,e-,168.953,4.67307e-23,9.01031,7.8,-1.87935,9.68705,detectLogical_PV,sourcePhysical
225887,122,-1,e-,139.045,3.68071e-23,5.63422,7.8,-0.938691,0.062549,detectLogical_PV,sourcePhysical
227303,138,-1,e-,37.0367,3.56596e-23,4.30597,7.49035,-3.2291,12.553,detectLogical_PV,sourcePhysical
228224,103,-1,e-,97.6315,4.77254e-23,8.08091,7.8,-0.463293,7.66634,detectLogical_PV,sourcePhysical
230473,103,-1,e-,24.9865,1.09388e-22,6.77964,7.8,2.22366,2.45298,detectLogical_PV,sourcePhysical
231179,107,-1,e-,65.6094,6.75993e-23,8.22986,7.8,-1.77353,6.89403,detectLogical_PV,sourcePhysical
233247,103,-1,e-,23.6858,1.14379e-22,6.63428,7.8,2.35873,19.0759,detectLogical_PV,sourcePhysical
233906,103,-1,e-,104.447,3.78662e-23,6.41302,7.8,-0.600111,4.75658,detectLogical_PV,sourcePhysical
234488,103,-1,e-,27.3308,1.05433e-22,7.81029,7.8,-1.43053,6.51792,detectLogical_PV,sourcePhysical
235880,103,-1,e-,38.6722,8.02438e-23,5.26426,7.8,-1.79483,4.08386,detectLogical_PV,sourcePhysical
236747,110,-1,e-,44.8384,9.32797e-23,10.3302,7.8,0.611737,1.27135,detectLogical_PV,sourcePhysical
237332,103,-1,e-,110.106,3.7529e-23,6.69817,7.8,-2.76034,29.5302,detectLogical_PV,sourcePhysical
237637,103,-1,e-,100.174,1.91052e-23,10.3316,7.4531,1.60268,6.41566,detectLogical_PV,sourcePhysical
238510,339,-1,e-,61.1301,7.92215e-23,5.85648,7.8,3.54144,41.376,detectLogical_PV,sourcePhysical
238630,145,-1,e-,74.515,7.42951e-23,8.80378,7.8,0.101437,3.84781,detectLogical_PV,sourcePhysical
238691,261,-1,e-,91.2191,3.87369e-23,4.10271,7.8,-0.0480511,4.32973,detectLogical_PV,worldPhysical
238959,103,-1,e-,25.6437,1.01401e-22,6.69809,7.8,-2.69106,0.541464,detectLogical_PV,sourcePhysical
239757,166,-1,e-,82.4395,3.43168e-23,6.99548,7.63383,-3.98646,24.4126,detectLogical_PV,sourcePhysical
240854,103,-1,e-,114.224,3.50229e-23,5.06812,7.8,0.0199872,3.78887,detectLogical_PV,sourcePhysical
243473,103,-1,e-,28.9642,1.49478e-22,9.57487,7.8,0.588169,2.64856,detectLogical_PV,sourcePhysical
243515,103,-1,e-,51.9744,5.66019e-23,5.97859,7.8,-2.21449,11.9651,detectLogical_PV,sourcePhysical
244536,103,-1,e-,22.8433,1.16749e-22,4.59939,7.8,1.88683,8.78026,detectLogical_PV,sourcePhysical
244692,103,-1,e-,38.1829,8.25606e-23,4.38183,7.72887,-3.28322,4.95397,detectLogical_PV,sourcePhysical
244692,103,-1,e-,31.2,2.28629e-22,10.0178,7.3,0.448712,4.95397,detectLogical_PV,sourcePhysical
247108,103,-1,e-,56.3135,5.69599e-23,6.83475,7.8,-1.11724,13.9498,detectLogical_PV,sourcePhysical
248269,123,-1,e-,765.015,2.38578e-23,3.81713,7.8,2.03867,4.5468,detectLogical_PV,sourcePhysical
248552,116,-1,e-,47.4866,6.00721e-23,5.78906,7.8,3.02869,4.24266,detectLogical_PV,sourcePhysical
250513,172,-1,e-,12.7443,1.84629e-22,5.97949,7.8,-1.59848,2.98931,detectLogical_PV,worldPhysical
251406,103,-1,e-,80.4299,4.21145e-23,8.605,7.8,-1.18816,28.6756,detectLogical_PV,worldPhysical
251938,103,-1,e-,79.0758,4.39839e-23,5.65387,7.8,0.750448,2.21286,detectLogical_PV,sourcePhysical
252253,270,-1,e-,72.6255,4.40272e-23,4.6633,7.8,-0.425143,16.5189,detectLogical_PV,sourcePhysical
252533,103,-1,e-,58.9259,7.1866e-23,6.72464,7.8,-0.678595,12.1924,detectLogical_PV,sourcePhysical
253523,103,-1,e-,36.067,1.33389e-22,3.68253,7.8,-2.01712,0.271491,detectLogical_PV,sourcePhysical
253677,103,-1,e-,100.136,1.78588e-23,10.0336,7.44965,2.15965,0.419317,detectLogical_PV,sourcePhysical
254044,103,-1,e-,78.7638,4.87274e-23,7.07884,7.8,-3.05158,19.1105,detectLogical_PV,sourcePhysical
254320,103,-1,e-,77.6372,4.27226e-23,8.06632,7.8,0.00388392,7.42531,detectLogical_PV,sourcePhysical
255717,103,-1,e-,191.844,2.42814e-23,3.91561,7.8,-2.84538,0.339661,detectLogical_PV,sourcePhysical
256530,103,-1,e-,34.9011,8.65164e-23,7.92714,7.8,1.95645,6.57027,detectLogical_PV,sourcePhysical
256916,103,-1,e-,21.5857,1.21911e-22,8.1872,7.8,0.943066,6.13323,detectLogical_PV,sourcePhysical
258051,103,-1,e-,23.3781,1.31928e-22,5.05878,7.8,-1.92937,3.9151,detectLogical_PV,sourcePhysical
258943,105,-1,gamma,147.74,0,10.3834,7.47628,-1.4786,2.82937,detectLogical_PV,sourcePhysical
259629,196,-1,e-,136.473,4.43835e-23,8.00258,7.8,1.52437,0.740233,detectLogical_PV,sourcePhysical
259898,164,-1,e-,14.2669,4.21477e-22,8.23702,7.8,3.41953,45.4275,detectLogical_PV,sourcePhysical
260281,103,-1,e-,80.3966,4.80285e-23,3.91995,7.8,1.92769,0.102389,detectLogical_PV,sourcePhysical
260424,103,-1,e-,16.3763,1.64977e-22,5.56785,7.8,0.293973,2.61088,detectLogical_PV,sourcePhysical
260475,308,-1,e-,44.7573,7.78378e-23,8.17057,7.8,-2.99642,7.83072,detectLogical_PV,sourcePhysical
260573,103,-1,e-,75.3165,4.12505e-23,8.02746,7.8,-3.1989,1.52659,detectLogical_PV,sourcePhysical
261314,129,-1,e-,34.6271,9.10566e-23,6.54608,7.8,-2.42449,0.658156,detectLogical_PV,sourcePhysical
261365,103,-1,e-,117.882,3.35441e-23,4.33036,7.8,1.13642,2.83908,detectLogical_PV,sourcePhysical
261795,236,-1,e-,42.2028,7.09158e-23,5.18429,7.8,1.57764,20.0978,detectLogical_PV,sourcePhysical
262267,103,-1,e-,129.607,6.28767e-23,8.4524,7.8,-0.328454,1.23884,detectLogical_PV,sourcePhysical
263119,103,-1,e-,8.68744,3.06414e-22,5.59641,7.8,-1.73364,1.12088,detectLogical_PV,sourcePhysical
263701,110,-1,e-,41.2136,1.32047e-22,7.75988,7.8,1.11672,23.0073,detectLogical_PV,sourcePhysical
263794,277,-1,e-,17.991,1.4927e-22,7.70608,7.8,2.01138,8.3161,detectLogical_PV,sourcePhysical
265552,174,-1,e-,40.5766,9.53813e-23,4.74402,7.8,-0.769199,6.33352,detectLogical_PV,sourcePhysical
265727,179,-1,e-,40.1812,1.51331e-22,8.67534,7.8,-2.39312,2.73762,detectLogical_PV,sourcePhysical
266034,128,-1,e-,71.1506,4.55843e-23,8.45564,7.8,2.102,2.40953,detectLogical_PV,sourcePhysical
266738,103,-1,e-,80.3613,4.44633e-23,4.02682,7.8,-0.970883,22.2118,detectLogical_PV,worldPhysical
267109,343,-1,e-,81.9912,4.83181e-23,7.78396,7.8,1.14668,7.36487,detectLogical_PV,sourcePhysical
267413,143,-1,e-,1.80791,1.25629e-21,6.72,7.8,2.00525,24.7171,detectLogical_PV,sourcePhysical
267600,103,-1,e-,63.1235,5.57756e-23,7.10277,7.8,0.351435,1.52599,detectLogical_PV,sourcePhysical
267720,140,-1,e-,117.315,4.43715e-23,8.2425,7.8,-0.0779482,34.8719,detectLogical_PV,sourcePhysical
268830,106,-1,e-,57.0286,6.08749e-23,5.71874,7.8,-0.804699,14.7799,detectLogical_PV,sourcePhysical
269007,114,-1,e-,168.346,2.80619e-23,7.92519,7.8,2.86704,1.78601,detectLogical_PV,sourcePhysical
271099,146,-1,e-,16.6086,2.10472e-22,3.91669,7.8,0.0884477,1.0566,detectLogical_PV,sourcePhysical
271768,131,-1,e-,66.5023,5.68048e-23,4.97817,7.8,1.27239,1.8393,detectLogical_PV,sourcePhysical
273321,209,-1,e-,212.995,2.84342e-23,7.09999,7.8,0.451604,0.512586,detectLogical_PV,sourcePhysical
275183,166,-1,e-,70.219,4.50684e-23,5.55732,7.8,-3.30649,9.76523,detectLogical_PV,sourcePhysical
276420,103,-1,e-,40.4973,8.64563e-23,7.94127,7.8,-3.02912,8.73394,detectLogical_PV,sourcePhysical
276888,174,-1,e-,29.9778,3.95795e-23,9.13918,7.41988,-3.14431,2.49077,detectLogical_PV,sourcePhysical
277649,171,-1,e-,42.8235,1.00646e-22,6.69784,7.8,-0.560898,11.7897,detectLogical_PV,sourcePhysical
278931,121,-1,e-,105.901,8.64675e-23,9.45199,7.8,-2.0244,3.74478,detectLogical_PV,sourcePhysical
279221,113,-1,e-,64.8362,5.56984e-23,9.07415,7.8,-0.328679,5.9702,detectLogical_PV,sourcePhysical
279339,235,-1,e-,72.6328,4.87181e-23,4.58501,7.8,-0.0744472,5.79668,detectLogical_PV,sourcePhysical
282163,204,-1,e-,74.601,5.21202e-23,8.36649,7.8,1.88811,12.5039,detectLogical_PV,sourcePhysical
283662,103,-1,e-,75.3874,5.36112e-23,7.61557,7.8,3.80831,5.03646,detectLogical_PV,sourcePhysical
283995,111,-1,e-,52.8131,5.4803e-23,3.94801,7.8,-2.23859,4.39655,detectLogical_PV,sourcePhysical
284322,103,-1,e-,72.8786,5.62237e-23,6.61239,7.8,-0.996893,0.775491,detectLogical_PV,sourcePhysical
286238,313,-1,e-,13.5449,1.90616e-22,5.37033,7.8,-0.63758,0.245624,detectLogical_PV,sourcePhysical
286837,103,-1,e-,78.7585,4.27715e-23,5.09508,7.8,1.06173,4.57711,detectLogical_PV,sourcePhysical
286898,103,-1,e-,136.633,5.91079e-23,9.51433,7.8,0.337615,5.98386,detectLogical_PV,sourcePhysical
287335,103,-1,e-,98.2096,3.53472e-23,6.68156,7.8,-0.631708,17.2384,detectLogical_PV,sourcePhysical
287481,198,-1,e-,80.6578,2.15202e-23,2.73085,7.41915,-0.713692,4.44055,detectLogical_PV,sourcePhysical
287845,134,-1,gamma,96.1369,0,8.19044,7.48719,3.69839,16.4903,detectLogical_PV,sourcePhysical
287869,103,-1,e-,45.3652,1.33615e-22,9.00594,7.8,2.50706,0.131754,detectLogical_PV,sourcePhysical
288725,242,-1,e-,147.477,3.17682e-23,9.43454,7.8,-2.11876,2.02332,detectLogical_PV,sourcePhysical
288821,103,-1,e-,70.5608,5.08893e-23,3.5855,7.8,-2.33407,5.61319,detectLogical_PV,sourcePhysical
288994,154,-1,e-,71.133,5.24462e-23,8.75256,7.8,-3.22554,1.27057,detectLogical_PV,sourcePhysical
289487,103,-1,e-,62.2074,6.59276e-23,8.47001,7.8,1.51333,0.0535721,detectLogical_PV,sourcePhysical
290150,289,-1,e-,62.8108,6.52302e-23,5.97854,7.8,-3.13844,2.52222,detectLogical_PV,sourcePhysical
290452,108,-1,e-,59.6734,1.06659e-22,7.83736,7.8,0.845018,14.9718,detectLogical_PV,sourcePhysical
290906,103,-1,e-,167.871,2.43629e-23,9.41278,7.8,1.23139,23.6327,detectLogical_PV,sourcePhysical
291463,103,-1,e-,67.6969,6.34306e-23,8.22371,7.8,-2.43291,10.8598,detectLogical_PV,sourcePhysical
292635,114,-1,e-,87.345,4.59513e-23,5.6383,7.8,0.0381998,11.1747,detectLogical_PV,sourcePhysical
293683,238,-1,e-,162.018,1.23347e-23,7.92714,7.43294,-3.79621,22.7842,detectLogical_PV,sourcePhysical
294368,103,-1,e-,76.5934,5.66358e-23,7.13833,7.8,-2.27001,12.7983,detectLogical_PV,sourcePhysical
296282,213,-1,e-,79.7237,7.81576e-23,9.57943,7.8,-1.02403,9.95953,detectLogical_PV,sourcePhysical
297249,151,-1,e-,55.7525,6.63218e-23,4.04927,7.8,2.55436,6.9676,detectLogical_PV,sourcePhysical
297404,190,-1,e-,140.185,1.05086e-23,10.6611,7.39614,-0.210946,4.37417,detectLogical_PV,sourcePhysical
299236,165,-1,e-,69.6871,4.51986e-23,4.74074,7.8,-0.776782,3.28662,detectLogical_PV,sourcePhysical
299423,103,-1,e-,94.4437,6.20602e-23,8.99986,7.8,0.433981,0.571879,detectLogical_PV,sourcePhysical
300411,198,-1,e-,103.868,4.28966e-23,7.47778,7.8,-0.012212,11.453,detectLogical_PV,sourcePhysical
300628,139,-1,e-,87.6678,4.62764e-23,4.99624,7.8,-0.941547,8.12148,detectLogical_PV,sourcePhysical
301271,119,-1,e-,33.5328,9.26654e-23,5.58543,7.8,0.225131,4.29005,detectLogical_PV,sourcePhysical
302296,103,-1,e-,19.2876,1.85519e-22,10.1859,7.8,-0.852837,7.89926,detectLogical_PV,sourcePhysical
302707,103,-1,e-,43.3607,9.63631e-23,7.41178,7.8,1.26384,6.63645,detectLogical_PV,sourcePhysical
302953,141,-1,e-,75.6817,5.16449e-23,6.37697,7.8,-0.170635,10.5113,detectLogical_PV,sourcePhysical
303084,103,-1,e-,58.078,5.7955e-23,5.61821,7.8,-3.43159,0.983397,detectLogical_PV,sourcePhysical
303264,131,-1,e-,104.622,5.80542e-23,9.69098,7.8,0.217844,12.4426,detectLogical_PV,sourcePhysical
303514,109,-1,e-,54.3028,6.11933e-23,7.94488,7.8,-1.70049,3.60326,detectLogical_PV,sourcePhysical
303569,178,-1,e-,96.028,4.70464e-23,10.1467,7.8,0.99726,0.704334,detectLogical_PV,sourcePhysical
303597,103,-1,e-,45.1459,7.01597e-23,7.59257,7.8,2.15116,6.79185,detectLogical_PV,sourcePhysical
303715,103,-1,e-,44.4203,7.34279e-23,9.33299,7.8,0.369555,34.0884,detectLogical_PV,sourcePhysical
304092,281,-1,e-,87.3658,3.87258e-23,9.88959,7.8,1.00468,2.0196,detectLogical_PV,sourcePhysical
304775,112,-1,e-,84.463,5.04033e-23,10.0907,7.8,1.06863,4.57354,detectLogical_PV,sourcePhysical
304787,170,-1,e-,37.5884,9.67192e-23,6.67415,7.8,-2.59209,9.80245,detectLogical_PV,sourcePhysical
304828,103,-1,e-,72.0516,2.47804e-23,10.4239,7.54003,-1.37217,3.7458,detectLogical_PV,sourcePhysical
304892,103,-1,e-,80.8144,6.56632e-23,6.93624,7.8,3.13801,3.83478,detectLogical_PV,sourcePhysical
305633,194,-1,e-,132.812,4.33837e-23,7.57111,7.8,2.69779,10.3084,detectLogical_PV,sourcePhysical
307202,362,-1,e-,85.7713,4.32884e-23,10.0833,7.8,1.1361,1.50624,detectLogical_PV,sourcePhysical
307312,103,-1,e-,115.189,4.89132e-23,9.9162,7.8,1.36914,1.55984,detectLogical_PV,sourcePhysical
308146,103,-1,e-,73.7354,4.67498e-23,5.93743,7.8,-1.9417,0.415954,detectLogical_PV,sourcePhysical
309324,327,-1,e-,87.9369,5.2079e-23,7.37109,7.8,3.1532,4.96086,detectLogical_PV,worldPhysical
309500,103,-1,e-,75.6235,5.57145e-23,8.82604,7.8,-0.432755,6.94173,detectLogical_PV,sourcePhysical
310240,103,-1,e-,73.7602,5.09267e-23,7.31866,7.8,0.673014,1.69118,detectLogical_PV,sourcePhysical
310381,197,-1,e-,30.5161,1.08664e-22,6.6988,7.8,-2.41199,5.55266,detectLogical_PV,sourcePhysical
310764,103,-1,e-,64.3084,5.28449e-23,5.29473,7.8,1.69483,17.6078,detectLogical_PV,sourcePhysical
311257,103,-1,e-,62.9959,5.77072e-23,5.84546,7.8,-3.2176,9.93019,detectLogical_PV,sourcePhysical
311907,103,-1,e-,115.856,3.33249e-23,10.3703,7.8,-1.26719,2.58636,detectLogical_PV,sourcePhysical
313798,103,-1,e-,34.9148,6.78135e-24,7.79483,7.32587,3.83761,1.74816,detectLogical_PV,subPhysical
315014,118,-1,e-,84.9396,6.98504e-23,4.85726,7.8,-1.41979,0.909451,detectLogical_PV,sourcePhysical
315317,103,-1,e-,124.06,3.84324e-23,6.16709,7.8,1.56702,5.8634,detectLogical_PV,sourcePhysical
315693,208,-1,e-,144.622,3.52792e-23,6.89822,7.8,-3.82401,2.08402,detectLogical_PV,sourcePhysical
315698,103,-1,e-,178.349,2.57459e-23,4.15189,7.8,-0.631225,7.55182,detectLogical_PV,sourcePhysical
315734,103,-1,e-,186.726,2.74129e-23,5.6494,7.8,3.51384,3.02115,detectLogical_PV,sourcePhysical
316051,103,-1,e-,51.9347,6.6082e-23,5.20617,7.8,0.95125,6.78069,detectLogical_PV,sourcePhysical
317751,103,-1,e-,10.9094,3.07814e-22,6.13021,7.8,1.09688,1.13272,detectLogical_PV,subPhysical
317904,103,-1,e-,23.1019,1.3734e-22,5.14786,7.8,-3.49517,13.6651,detectLogical_PV,sourcePhysical
318063,127,-1,e-,94.7443,5.35007e-23,8.12862,7.8,-0.126048,17.2776,detectLogical_PV,sourcePhysical
318332,103,-1,e-,62.6291,4.76217e-23,4.58683,7.8,1.9983,11.7837,detectLogical_PV,sourcePhysical
318650,103,-1,e-,72.1807,5.74894e-23,7.34917,7.8,-2.04291,2.47052,detectLogical_PV,sourcePhysical
319078,103,-1,e-,105.837,3.59843e-23,9.85696,7.52006,2.41289,13.6934,detectLogical_PV,sourcePhysical
319661,135,-1,e-,87.3069,2.95447e-23,10.3176,7.48805,1.63424,4.56311,detectLogical_PV,sourcePhysical
320334,103,-1,e-,22.3926,1.21594e-22,5.55281,7.8,2.84547,7.81357,detectLogical_PV,sourcePhysical
320338,122,-1,e-,31.1278,5.9205e-23,10.1327,7.57479,-1.99669,3.97177,detectLogical_PV,sourcePhysical
321641,103,-1,e-,58.1746,5.90868e-23,7.1855,7.8,1.95787,6.04937,detectLogical_PV,sourcePhysical
322024,103,-1,e-,63.7515,1.04859e-22,8.00374,7.8,2.25058,2.194,detectLogical_PV,sourcePhysical
323567,103,-1,e-,10.8516,2.26752e-22,9.14637,7.8,-1.40834,6.00264,detectLogical_PV,sourcePhysical
325306,103,-1,e-,16.8576,2.13424e-22,8.04661,7.8,-1.25263,3.22859,detectLogical_PV,sourcePhysical
325330,103,-1,e-,72.6065,1.99807e-23,9.79836,7.42095,2.48847,22.7226,detectLogical_PV,sourcePhysical
325556,103,-1,e-,46.7716,7.22063e-23,5.19699,7.8,1.537,4.22263,detectLogical_PV,sourcePhysical
325847,103,-1,e-,109.246,5.09597e-23,9.06589,7.8,-0.847477,4.8336,detectLogical_PV,sourcePhysical
325982,382,-1,e-,34.5033,7.85385e-23,6.11961,7.8,1.50355,4.03518,detectLogical_PV,sourcePhysical
326255,272,-1,e-,65.6178,5.48494e-23,4.1062,7.8,1.54025,62.3944,detectLogical_PV,sourcePhysical
327242,103,-1,e-,87.8136,5.69556e-23,9.82892,7.8,0.168734,0.254288,detectLogical_PV,sourcePhysical
327266,208,-1,e-,77.9716,4.31409e-23,8.06379,7.8,0.281768,12.1842,detectLogical_PV,sourcePhysical
329699,103,-1,e-,13.1131,2.28955e-22,5.4391,7.8,0.421213,14.3627,detectLogical_PV,subPhysical
329987,103,-1,e-,39.4884,7.42273e-23,6.32445,7.8,-3.15303,12.4107,detectLogical_PV,sourcePhysical
330711,103,-1,e-,49.5011,9.89267e-23,5.98824,7.8,1.37483,0.892374,detectLogical_PV,sourcePhysical
332456,114,-1,e-,145.63,2.93058e-23,4.71796,7.8,-0.865428,3.89277,detectLogical_PV,sourcePhysical
332559,106,-1,e-,8.81935,2.85312e-22,6.38531,7.8,-0.0240974,10.835,detectLogical_PV,sourcePhysical
332594,103,-1,e-,102.902,8.22161e-23,8.87037,7.79935,3.33822,4.84951,detectLogical_PV,sourcePhysical
333235,103,-1,e-,104.365,3.57849e-23,5.93145,7.8,0.942915,9.40888,detectLogical_PV,sourcePhysical
333461,149,-1,e-,19.3778,1.34153e-22,5.10702,7.8,-0.404885,1.35125,detectLogical_PV,sourcePhysical
334107,141,-1,e-,27.0498,1.12786e-22,4.60883,7.8,1.25975,4.27123,detectLogical_PV,sourcePhysical
334889,106,-1,e-,29.7315,9.29768e-23,9.95566,7.8,-1.17569,2.91422,detectLogical_PV,sourcePhysical
336061,114,-1,e-,50.4595,6.30241e-23,8.49364,7.8,1.71163,7.00979,detectLogical_PV,sourcePhysical
336688,103,-1,e-,114.368,3.57843e-23,3.85052,7.8,-0.855538,27.616,detectLogical_PV,sourcePhysical
337611,103,-1,e-,127.679,4.3015e-23,6.44654,7.75096,3.99394,5.42857,detectLogical_PV,sourcePhysical
337706,103,-1,e-,89.6369,7.79762e-23,7.99865,7.8,1.92013,30.6963,detectLogical_PV,sourcePhysical
337782,103,-1,e-,146.969,3.26705e-23,6.69429,7.8,2.11657,0.884802,detectLogical_PV,sourcePhysical
337872,106,-1,e-,35.0325,1.27746e-22,10.1726,7.6144,1.92579,3.78768,detectLogical_PV,sourcePhysical
339466,268,-1,e-,67.6178,5.11323e-23,4.38987,7.8,1.68082,1.04396,detectLogical_PV,sourcePhysical
339587,106,-1,e-,22.9468,1.29959e-22,6.10199,7.8,-0.468098,14.2795,detectLogical_PV,sourcePhysical
340311,103,-1,e-,108.3,3.2408e-23,5.39391,7.8,0.145455,0.329444,detectLogical_PV,sourcePhysical
340368,103,-1,e-,33.3753,1.9429e-22,10.6576,7.76566,0.268703,3.71121,detectLogical_PV,sourcePhysical
341613,103,-1,e-,66.5272,7.49919e-23,6.56299,7.8,-0.202514,0.843567,detectLogical_PV,sourcePhysical
342565,129,-1,e-,36.1868,1.06161e-22,5.75446,7.8,1.25911,0.193764,detectLogical_PV,sourcePhysical
342911,103,-1,e-,37.8867,8.60798e-23,9.97546,7.8,0.184982,7.65472,detectLogical_PV,sourcePhysical
342965,126,-1,e-,37.22,1.02071e-22,9.12578,7.8,1.5767,2.43361,detectLogical_PV,sourcePhysical
344353,154,-1,gamma,75.5242,0,3.57405,7.8,-0.878103,21.0276,detectLogical_PV,targetPhysical
344807,374,-1,e-,227.449,4.33545e-23,10.4435,7.74257,1.31732,0.435819,detectLogical_PV,sourcePhysical
346064,103,-1,e-,76.0625,4.33696e-23,6.29599,7.8,2.87034,24.3252,detectLogical_PV,sourcePhysical
349724,103,-1,e-,19.9291,1.24708e-22,5.63249,7.8,-0.955693,2.81203,detectLogical_PV,sourcePhysical
350367,103,-1,e-,36.8678,7.78139e-23,7.83938,7.8,-3.72872,0.715562,detectLogical_PV,sourcePhysical
350487,103,-1,e-,98.0353,4.3251e-23,3.73115,7.8,-0.965196,10.2682,detectLogical_PV,sourcePhysical
350999,114,-1,e-,111.868,3.1156e-23,4.62305,7.8,-2.7112,10.8034,detectLogical_PV,sourcePhysical
351075,160,-1,e-,133.261,1.76187e-23,8.53186,7.52594,3.53851,20.8543,detectLogical_PV,sourcePhysical
351115,151,-1,gamma,25.717,0,5.546,7.8,-3.18014,10.7219,detectLogical_PV,targetPhysical
352711,103,-1,e-,36.3999,8.19806e-23,4.14328,7.8,-1.40461,13.0709,detectLogical_PV,sourcePhysical
352723,103,-1,e-,64.9906,5.73694e-23,7.76155,7.8,0.599423,7.41236,detectLogical_PV,sourcePhysical
352867,103,-1,e-,68.5659,5.74168e-23,5.94095,7.8,-0.281705,11.6213,detectLogical_PV,sourcePhysical
352994,103,-1,e-,54.0924,6.1313e-23,4.82421,7.8,-1.04566,15.0859,detectLogical_PV,sourcePhysical
353071,123,-1,e-,85.3847,4.90862e-23,7.19544,7.8,0.517213,7.42632,detectLogical_PV,sourcePhysical
353115,407,-1,e-,50.6813,7.34719e-23,4.79036,7.8,-0.0385432,7.37971,detectLogical_PV,sourcePhysical
356664,103,-1,e-,12.8568,2.95426e-22,10.6514,7.72297,-0.348599,8.94913,detectLogical_PV,sourcePhysical
356781,103,-1,e-,82.6639,7.00483e-23,8.5753,7.8,2.65005,1.30568,detectLogical_PV,sourcePhysical
361651,127,-1,e-,51.7519,5.81176e-23,7.92998,7.8,-1.83716,0.46552,detectLogical_PV,sourcePhysical
363010,103,-1,e-,94.4426,5.8808e-23,4.32537,7.63133,-3.24319,13.3245,detectLogical_PV,sourcePhysical
363096,103,-1,e-,175.243,3.30215e-23,10.0006,7.8,-1.09179,8.85366,detectLogical_PV,sourcePhysical
363557,120,-1,e-,207.585,3.05339e-23,5.73605,7.8,1.02174,3.90742,detectLogical_PV,sourcePhysical
364007,103,-1,e-,14.7419,1.77332e-22,5.62526,7.8,-2.5981,1.52359,detectLogical_PV,sourcePhysical
364398,292,-1,e-,93.439,5.30008e-23,8.34186,7.8,0.0962577,5.66106,detectLogical_PV,sourcePhysical
364406,170,-1,e-,105.972,4.83941e-23,9.07422,7.8,-1.07476,2.66913,detectLogical_PV,sourcePhysical
365321,146,-1,e-,21.1148,5.51262e-24,6.87962,7.31645,-3.99433,1.2243,detectLogical_PV,sourcePhysical
365922,103,-1,e-,70.5102,7.7617e-23,8.79797,7.8,1.62885,2.19194,detectLogical_PV,sourcePhysical
366124,113,-1,e-,33.4977,1.34705e-22,10.4324,7.8,-1.16596,0.55626,detectLogical_PV,sourcePhysical
366447,132,-1,e-,127.956,3.82994e-23,7.53475,7.8,-2.06313,17.8404,detectLogical_PV,sourcePhysical
367155,103,-1,e-,26.5713,1.68392e-22,10.1791,7.8,0.891599,3.99982,detectLogical_PV,sourcePhysical
368835,286,-1,e-,93.068,4.15628e-23,4.86762,7.8,1.72541,3.49195,detectLogical_PV,worldPhysical
369029,103,-1,e-,66.8245,3.46193e-23,10.465,7.44799,1.25401,0.578585,detectLogical_PV,sourcePhysical
369567,103,-1,e-,62.3537,7.47801e-23,9.95446,7.8,-1.64709,13.8086,detectLogical_PV,sourcePhysical
369836,149,-1,e-,35.2871,7.90896e-23,4.43901,7.8,2.03437,0.0567619,detectLogical_PV,sourcePhysical
370174,103,-1,e-,20.8374,2.05063e-22,5.59237,7.8,-3.59016,0.685806,detectLogical_PV,sourcePhysical
370288,103,-1,e-,14.2435,1.67747e-22,7.8099,7.8,3.04811,1.38195,detectLogical_PV,sourcePhysical
371281,292,-1,e-,77.197,5.89229e-23,5.11064,7.8,2.28977,7.96144,detectLogical_PV,sourcePhysical
372230,103,-1,e-,92.3079,4.87651e-23,6.42442,7.8,3.40945,6.25132,detectLogical_PV,sourcePhysical
372357,103,-1,e-,35.9851,1.08768e-22,5.55924,7.8,2.35998,17.4828,detectLogical_PV,sourcePhysical
372925,103,-1,e-,100.485,4.31729e-23,8.33196,7.8,-2.72529,1.23006,detectLogical_PV,sourcePhysical
373112,221,-1,e-,120.657,3.13609e-23,6.2932,7.8,-1.99327,1.6474,detectLogical_PV,sourcePhysical
373274,146,-1,e-,106.687,1.29535e-23,10.4957,7.40749,-1.15682,7.54587,detectLogical_PV,sourcePhysical
374867,143,-1,e-,94.3375,4.5862e-23,5.11305,7.8,3.36027,1.78353,detectLogical_PV,sourcePhysical
374909,210,-1,e-,68.6488,4.8789e-23,7.42936,7.8,0.728381,0.710332,detectLogical_PV,sourcePhysical
376118,103,-1,e-,98.4461,1.4426e-22,7.66332,7.3,-1.94528,3.78229,detectLogical_PV,sourcePhysical
376207,195,-1,gamma,1.46917,0,8.75104,7.63274,3.414,5.32466,detectLogical_PV,NA
376535,103,-1,e-,240.05,2.79948e-23,7.5556,7.8,-0.498224,10.2697,detectLogical_PV,sourcePhysical
377450,103,-1,e-,134.003,3.46808e-23,8.09166,7.8,2.10415,1.25379,detectLogical_PV,sourcePhysical
377568,103,-1,e-,79.9988,6.85425e-23,9.97149,7.8,0.247965,0.891408,detectLogical_PV,sourcePhysical
378433,103,-1,e-,76.3825,4.57727e-23,6.44561,7.8,2.22586,19.8985,detectLogical_PV,sourcePhysical
379194,202,-1,e-,29.5564,1.44753e-22,4.35414,7.8,2.2504,16.1582,detectLogical_PV,sourcePhysical
379382,103,-1,e-,116.38,5.82142e-23,8.3846,7.8,-1.12097,5.01463,detectLogical_PV,sourcePhysical
380738,103,-1,e-,41.9442,6.91113e-23,5.42357,7.8,-0.385049,10.3555,detectLogical_PV,sourcePhysical
381112,103,-1,e-,36.5707,9.35535e-23,7.75461,7.8,-3.5822,9.04665,detectLogical_PV,sourcePhysical
382852,223,-1,e-,93.7996,2.82442e-23,8.04383,7.60176,-3.75545,1.25468,detectLogical_PV,sourcePhysical
383853,103,-1,e-,156.891,2.94648e-23,8.6604,7.8,-0.30197,18.6714,detectLogical_PV,sourcePhysical
384080,161,-1,e-,11.453,6.08755e-22,4.07495,7.8,-1.76067,0.73222,detectLogical_PV,sourcePhysical
384300,138,-1,e-,21.6924,1.47085e-22,7.58156,7.8,-1.03178,28.3951,detectLogical_PV,sourcePhysical
385702,103,-1,e-,86.4231,7.05886e-23,7.25787,7.8,1.04752,3.90959,detectLogical_PV,sourcePhysical
386177,220,-1,e-,80.4525,4.66652e-23,6.50432,7.8,-3.7223,12.6548,detectLogical_PV,sourcePhysical
387000,103,-1,e-,34.7824,4.82187e-23,10.6271,7.56431,-0.56134,7.29517,detectLogical_PV,sourcePhysical
387151,118,-1,e-,104.001,4.49549e-23,7.47907,7.8,1.39997,3.97189,detectLogical_PV,sourcePhysical
387784,103,-1,e-,85.2681,3.92932e-23,5.11067,7.8,-0.386153,11.901,detectLogical_PV,sourcePhysical
388027,103,-1,e-,33.1421,8.43814e-23,7.9291,7.8,-0.317745,25.3227,detectLogical_PV,sourcePhysical
388225,103,-1,e-,28.6688,1.13313e-22,5.94386,7.8,-3.35866,1.26642,detectLogical_PV,sourcePhysical
388656,103,-1,e-,182.927,2.89537e-23,7.25439,7.8,2.01109,4.03463,detectLogical_PV,sourcePhysical
389232,103,-1,e-,45.051,8.11091e-23,6.86615,7.8,-0.465779,7.27373,detectLogical_PV,sourcePhysical
389923,103,-1,e-,40.0779,7.91093e-23,6.65641,7.8,-1.49558,40.1763,detectLogical_PV,sourcePhysical
391164,103,-1,e-,106.791,3.90711e-23,4.75958,7.8,0.417447,0.322144,detectLogical_PV,sourcePhysical
391694,103,-1,e-,40.4834,7.5037e-23,3.73505,7.8,-0.0539808,4.87359,detectLogical_PV,sourcePhysical
391869,171,-1,e-,84.829,3.76844e-23,9.5502,7.8,-1.75747,39.4295,detectLogical_PV,worldPhysical
391878,344,-1,e-,3.28707,8.30099e-22,6.80731,7.8,0.0970453,19.9188,detectLogical_PV,sourcePhysical
392396,146,-1,e-,59.3831,6.11389e-23,5.75707,7.8,-0.279442,29.9068,detectLogical_PV,worldPhysical
394645,271,-1,e-,203.447,3.45388e-23,9.17545,7.59427,3.11544,10.8302,detectLogical_PV,sourcePhysical
394934,103,-1,e-,81.355,5.27167e-23,6.2769,7.8,1.15132,13.7558,detectLogical_PV,sourcePhysical
395863,140,-1,e-,28.1806,9.6787e-23,6.91881,7.8,2.31108,3.71757,detectLogical_PV,sourcePhysical
396266,240,-1,e-,112.481,4.16535e-23,8.10258,7.8,-1.75763,11.6286,detectLogical_PV,sourcePhysical
396496,103,-1,e-,65.8618,5.53435e-23,5.79689,7.8,-0.465112,7.51325,detectLogical_PV,sourcePhysical
396964,103,-1,e-,67.3612,6.45396e-23,3.76059,7.8,2.32724,11.8961,detectLogical_PV,sourcePhysical
397124,103,-1,e-,96.2126,4.4998e-23,7.14982,7.8,0.764114,26.7167,detectLogical_PV,sourcePhysical
397193,103,-1,e-,103.07,5.08685e-23,8.77518,7.8,-3.1305,11.931,detectLogical_PV,sourcePhysical
397308,103,-1,e-,134.542,3.04556e-23,8.70452,7.8,1.66091,0.407941,detectLogical_PV,sourcePhysical
397554,124,-1,e-,88.8202,3.02247e-23,7.49158,7.45317,3.91401,4.93577,detectLogical_PV,sourcePhysical
400352,103,-1,e-,60.4667,7.68601e-23,9.20282,7.8,-1.74901,15.7892,detectLogical_PV,sourcePhysical
401328,103,-1,e-,133.304,3.44944e-23,5.25062,7.8,-0.709134,6.12548,detectLogical_PV,sourcePhysical
402497,103,-1,e-,71.3245,4.45674e-23,7.85021,7.8,-1.39943,1.5903,detectLogical_PV,sourcePhysical
402533,220,-1,e-,70.4197,4.64615e-23,6.29376,7.8,1.69,0.161587,detectLogical_PV,sourcePhysical
403296,103,-1,e-,96.7276,5.21585e-23,7.36866,7.8,-1.1946,0.658093,detectLogical_PV,sourcePhysical
404898,242,-1,e-,161.38,2.75162e-23,8.15188,7.8,-1.33663,11.1718,detectLogical_PV,sourcePhysical
405321,103,-1,e-,94.601,4.15607e-23,4.1374,7.8,2.97164,11.8463,detectLogical_PV,sourcePhysical
405675,103,-1,e-,61.7145,7.84649e-23,7.71101,7.8,0.942819,10.3846,detectLogical_PV,sourcePhysical
406242,103,-1,e-,32.8795,1.03976e-22,4.3121,7.8,-0.114792,9.43323,detectLogical_PV,sourcePhysical
406675,103,-1,e-,189.319,2.34969e-23,4.26913,7.8,2.70057,3.59909,detectLogical_PV,sourcePhysical
406821,103,-1,e-,76.9967,6.99074e-23,8.99313,7.8,3.24148,7.993,detectLogical_PV,sourcePhysical
406828,103,-1,e-,109.433,3.49668e-23,7.05504,7.8,-0.304984,29.2974,detectLogical_PV,sourcePhysical
407246,103,-1,e-,39.1619,7.05099e-23,7.8322,7.8,-1.08227,3.15416,detectLogical_PV,sourcePhysical
407897,117,-1,gamma,3.65596,0,2.93224,7.8,-0.832271,3.05592,detectLogical_PV,NA
408669,270,-1,e-,81.5054,6.03386e-23,9.00856,7.8,-1.89945,5.96787,detectLogical_PV,sourcePhysical
409709,103,-1,e-,250.319,3.26157e-23,9.30395,7.8,1.23173,7.18982,detectLogical_PV,sourcePhysical
410287,204,-1,e-,32.3166,9.46301e-23,8.64179,7.8,-0.12038,0.373705,detectLogical_PV,sourcePhysical
410445,103,-1,e-,26.5629,1.76993e-22,7.03256,7.8,-0.821462,13.4723,detectLogical_PV,sourcePhysical
410989,323,-1,gamma,69.426,0,5.33578,7.8,3.14253,0.791537,detectLogical_PV,subPhysical
413476,103,-1,e-,104.1,4.46107e-23,4.20862,7.8,-0.397097,5.21407,detectLogical_PV,sourcePhysical
414502,103,-1,e-,21.3817,1.24588e-22,6.52808,7.8,0.03784,1.11017,detectLogical_PV,sourcePhysical
414753,206,-1,e-,83.3689,4.77275e-23,10.5973,7.57757,-0.741444,14.0986,detectLogical_PV,sourcePhysical
415597,103,-1,e-,48.6939,6.37344e-23,7.38652,7.8,1.69217,2.47833,detectLogical_PV,sourcePhysical
419291,103,-1,e-,107.097,3.48853e-23,4.36218,7.8,0.248524,25.2808,detectLogical_PV,sourcePhysical
419314,103,-1,e-,168.586,3.8966e-23,9.548,7.8,0.111203,0.61735,detectLogical_PV,sourcePhysical
419656,103,-1,e-,30.0761,9.64594e-23,5.91551,7.8,-1.85355,2.05803,detectLogical_PV,sourcePhysical
420149,103,-1,e-,12.41,1.94492e-22,4.49268,7.8,-0.265513,1.55998,detectLogical_PV,sourcePhysical
420372,204,-1,e-,50.6964,2.24166e-23,3.26094,7.47537,-2.09786,19.8129,detectLogical_PV,sourcePhysical
422901,103,-1,e-,28.6559,9.76455e-23,5.73333,7.8,-0.65984,0.994988,detectLogical_PV,sourcePhysical
423577,107,-1,e-,190.716,2.37456e-23,8.5066,7.8,1.86045,16.0495,detectLogical_PV,sourcePhysical
424789,123,-1,e-,40.8796,1.0104e-22,8.12387,7.8,-2.72481,8.73926,detectLogical_PV,sourcePhysical
425085,103,-1,e-,149.942,2.69098e-23,5.52219,7.8,-1.30052,10.6772,detectLogical_PV,sourcePhysical
425612,103,-1,e-,37.1146,1.21006e-22,8.34147,7.8,-1.30066,3.17683,detectLogical_PV,sourcePhysical
426266,103,-1,e-,11.6831,2.28989e-22,3.4783,7.8,-0.76895,25.7156,detectLogical_PV,sourcePhysical
427226,275,-1,e-,26.7307,1.04581e-22,6.26836,7.8,-1.06642,18.0681,detectLogical_PV,sourcePhysical
427325,132,-1,e-,50.4658,4.50074e-23,10.0008,7.52217,-2.20993,3.62757,detectLogical_PV,sourcePhysical
428365,134,-1,e-,25.3172,1.838e-22,7.08139,7.8,-1.20907,14.2874,detectLogical_PV,sourcePhysical
428389,103,-1,e-,60.7367,4.89108e-23,6.62319,7.8,3.07965,1.20617,detectLogical_PV,sourcePhysical
428514,103,-1,e-,78.371,4.47929e-23,4.14646,7.8,0.677009,4.08134,detectLogical_PV,sourcePhysical
428925,103,-1,e-,63.7921,6.82912e-23,7.85192,7.8,0.80549,0.336703,detectLogical_PV,sourcePhysical
429164,113,-1,e-,62.9028,7.14466e-23,6.09597,7.8,-1.28172,26.3912,detectLogical_PV,sourcePhysical
430326,301,-1,e-,28.0412,9.46229e-23,6.3761,7.8,-3.37792,9.651,detectLogical_PV,sourcePhysical
431225,103,-1,e-,44.8734,9.14637e-23,6.23682,7.8,0.192211,0.286876,detectLogical_PV,sourcePhysical
431391,228,-1,e-,106.149,4.08427e-23,5.19625,7.8,2.284,1.70672,detectLogical_PV,sourcePhysical
431404,160,-1,e-,38.2347,7.26378e-23,6.74216,7.8,-2.83613,18.2304,detectLogical_PV,sourcePhysical
434225,103,-1,e-,90.2401,3.62743e-23,4.29591,7.8,1.11618,0.747151,detectLogical_PV,sourcePhysical
434594,143,-1,e-,61.1517,6.92864e-23,5.09557,7.8,0.437183,7.38319,detectLogical_PV,sourcePhysical
434610,112,-1,e-,58.822,2.56733e-23,6.92167,7.52802,3.99186,20.2525,detectLogical_PV,sourcePhysical
434763,152,-1,e-,78.1131,4.91444e-23,8.8204,7.8,-0.360133,0.257437,detectLogical_PV,sourcePhysical
434829,290,-1,e-,26.7626,2.49045e-22,3.20573,7.8,-1.59128,5.23281,detectLogical_PV,sourcePhysical
435047,103,-1,e-,85.8281,2.6501e-23,8.48414,7.51403,3.56325,3.70809,detectLogical_PV,worldPhysical
436445,103,-1,e-,51.7654,6.21462e-23,4.92163,7.8,3.40554,3.22151,detectLogical_PV,worldPhysical
436709,106,-1,e-,65.0112,5.30894e-23,5.02182,7.8,0.636526,0.711671,detectLogical_PV,sourcePhysical
436941,114,-1,e-,59.9234,1.23534e-22,10.0874,7.8,-1.71612,13.0276,detectLogical_PV,sourcePhysical
437168,119,-1,e-,60.0939,5.86553e-23,7.29579,7.8,-3.73485,5.66894,detectLogical_PV,sourcePhysical
437932,160,-1,e-,40.9056,7.03904e-23,10.0865,7.56769,-2.07482,3.15408,detectLogical_PV,sourcePhysical
439290,287,-1,e-,165.677,3.43661e-23,10.0256,7.8,-1.2647,9.61723,detectLogical_PV,sourcePhysical
439322,103,-1,e-,174.609,2.93731e-23,6.05804,7.8,-0.329119,5.44769,detectLogical_PV,sourcePhysical
440407,177,-1,e-,189.302,3.98609e-23,8.70152,7.8,1.71761,1.47204,detectLogical_PV,sourcePhysical
440731,301,-1,e-,47.8007,6.95351e-23,7.26697,7.8,-1.84254,5.44487,detectLogical_PV,sourcePhysical
441051,261,-1,e-,72.5366,2.59043e-23,6.85244,7.44778,3.99568,8.38592,detectLogical_PV,sourcePhysical
441080,103,-1,e-,48.7434,9.24554e-23,2.73418,7.79664,-0.731791,3.0772,detectLogical_PV,sourcePhysical
441254,103,-1,e-,60.9805,7.31988e-23,4.0652,7.8,-0.860483,3.92974,detectLogical_PV,sourcePhysical
442291,180,-1,e-,181.43,4.81596e-23,7.09341,7.8,1.66989,4.3737,detectLogical_PV,sourcePhysical
442535,103,-1,e-,118.019,3.57839e-23,10.3842,7.8,1.28181,4.43586,detectLogical_PV,sourcePhysical
443215,163,-1,e-,153.171,2.88501e-23,8.99663,7.8,1.12527,16.5603,detectLogical_PV,sourcePhysical
443646,103,-1,e-,65.6923,4.85144e-23,8.33037,7.8,-3.1571,2.60264,detectLogical_PV,sourcePhysical
443828,234,-1,e-,131.689,6.57971e-23,10.5932,7.73375,0.763316,0.0725693,detectLogical_PV,sourcePhysical
444360,122,-1,e-,96.824,3.84474e-23,7.60238,7.8,1.56857,1.47354,detectLogical_PV,sourcePhysical
445851,132,-1,e-,99.4857,3.6994e-23,9.54743,7.8,0.366311,10.7057,detectLogical_PV,sourcePhysical
445893,103,-1,e-,24.2563,1.3476e-22,6.91098,7.8,-0.877121,14.6041,detectLogical_PV,sourcePhysical
447399,103,-1,e-,20.6035,3.65694e-22,6.34689,7.75688,-3.9872,0.245169,detectLogical_PV,sourcePhysical
449082,324,-1,e-,77.8103,6.17552e-23,6.64284,7.8,-0.251158,6.27387,detectLogical_PV,sourcePhysical
449572,103,-1,e-,59.261,6.81764e-23,5.59261,7.8,0.778797,1.48897,detectLogical_PV,sourcePhysical
449830,103,-1,e-,60.0478,5.04458e-23,4.94113,7.8,0.654248,11.6198,detectLogical_PV,sourcePhysical
450140,201,-1,e-,48.7559,7.36713e-23,7.20779,7.8,3.31311,31.8683,detectLogical_PV,sourcePhysical
451205,305,-1,e-,103.756,4.18997e-23,4.8942,7.8,-0.893602,8.73158,detectLogical_PV,sourcePhysical
451696,260,-1,e-,66.1751,4.86644e-23,7.04809,7.8,-1.43814,8.38669,detectLogical_PV,sourcePhysical
454735,103,-1,e-,56.8034,1.17367e-22,8.63106,7.8,0.603607,1.86443,detectLogical_PV,sourcePhysical
455468,103,-1,e-,169.593,2.8283e-23,3.73639,7.8,-0.309696,8.42235,detectLogical_PV,sourcePhysical
456071,103,-1,e-,27.668,2.55325e-22,10.5753,7.70595,-0.850273,0.665303,detectLogical_PV,sourcePhysical
457280,103,-1,e-,59.5739,5.74723e-23,7.0872,7.8,-2.15281,6.49345,detectLogical_PV,sourcePhysical
457695,103,-1,e-,108.889,1.08185e-23,10.4455,7.37716,-1.31151,13.4366,detectLogical_PV,sourcePhysical
458320,124,-1,e-,83.9545,4.12692e-23,7.96738,7.8,-0.673939,9.005,detectLogical_PV,sourcePhysical
460489,103,-1,e-,182.96,2.3919e-23,6.31118,7.8,2.39274,6.8937,detectLogical_PV,worldPhysical
460629,103,-1,e-,62.0113,8.79803e-23,8.75447,7.8,-1.07455,0.755752,detectLogical_PV,sourcePhysical
461193,103,-1,e-,91.2962,1.08686e-22,9.49848,7.8,1.32311,5.476,detectLogical_PV,sourcePhysical
461434,103,-1,e-,49.9048,5.95465e-23,4.78249,7.8,-1.16287,3.36528,detectLogical_PV,sourcePhysical
461561,103,-1,e-,143.588,5.23974e-23,8.11707,7.79417,-3.72778,10.0903,detectLogical_PV,sourcePhysical
463323,204,-1,e-,44.7263,6.33089e-23,3.68785,7.8,1.83747,2.25464,detectLogical_PV,sourcePhysical
463872,164,-1,e-,60.6038,7.60536e-23,8.69852,7.78261,3.44551,5.56895,detectLogical_PV,sourcePhysical
463995,116,-1,gamma,31.8023,0,6.69373,7.8,-3.02226,9.01195,detectLogical_PV,targetPhysical
464357,212,-1,e-,122.95,6.76211e-23,7.34928,7.8,3.90562,13.0338,detectLogical_PV,sourcePhysical
464551,171,-1,e-,75.8998,4.94967e-23,8.67701,7.8,-3.44957,19.7923,detectLogical_PV,sourcePhysical
464874,191,-1,e-,49.204,7.77039e-23,4.47093,7.8,1.5504,5.2219,detectLogical_PV,subPhysical
465437,103,-1,e-,112.276,3.20415e-23,8.86817,7.8,0.382549,86.2348,detectLogical_PV,sourcePhysical
466145,103,-1,e-,37.4642,1.02399e-22,8.54373,7.8,1.24982,4.44047,detectLogical_PV,sourcePhysical
466749,157,-1,e-,56.9101,1.31006e-22,10.0585,7.8,-0.0476961,1.32676,detectLogical_PV,sourcePhysical
468168,161,-1,e-,113.919,3.96137e-23,8.67274,7.8,2.06888,8.71542,detectLogical_PV,sourcePhysical
468446,216,-1,e-,89.4852,3.7994e-23,9.96345,7.8,-0.366224,31.1534,detectLogical_PV,sourcePhysical
468817,221,-1,e-,165.043,3.12556e-23,9.60383,7.8,2.20268,0.570413,detectLogical_PV,sourcePhysical
470536,103,-1,e-,143.502,3.24198e-23,9.64793,7.8,-1.24233,5.30304,detectLogical_PV,sourcePhysical
471459,110,-1,e-,15.1211,1.7469e-22,8.00495,7.8,2.91143,0.346678,detectLogical_PV,sourcePhysical
471921,122,-1,e-,34.842,8.07402e-23,8.63345,7.8,1.66388,7.24903,detectLogical_PV,sourcePhysical
472025,103,-1,e-,41.0861,3.74467e-22,3.71027,7.3,1.03225,3.6964,detectLogical_PV,sourcePhysical
472219,103,-1,e-,82.1487,3.38205e-23,7.34228,7.60459,3.94253,7.94187,detectLogical_PV,sourcePhysical
473102,103,-1,e-,34.4422,7.90818e-23,5.31719,7.8,1.7183,5.59999,detectLogical_PV,sourcePhysical
473132,103,-1,e-,26.9151,9.83491e-23,6.17044,7.8,-1.20705,2.80312,detectLogical_PV,sourcePhysical
473535,103,-1,e-,83.8837,3.80332e-23,8.2988,7.8,-2.15376,1.87234,detectLogical_PV,sourcePhysical
474639,103,-1,e-,64.0669,5.71471e-23,9.07796,7.8,2.20649,11.0879,detectLogical_PV,sourcePhysical
474900,279,-1,gamma,35.2655,0,6.15108,7.8,2.54938,3.57201,detectLogical_PV,sourcePhysical
474931,109,-1,e-,89.3319,4.93568e-23,10.2652,7.8,0.352323,0.257396,detectLogical_PV,sourcePhysical
476369,103,-1,e-,63.486,5.14602e-23,5.17746,7.8,-3.01999,3.74975,detectLogical_PV,sourcePhysical
477161,120,-1,e-,81.6305,4.19957e-23,6.5342,7.8,-2.4781,9.68714,detectLogical_PV,sourcePhysical
477230,103,-1,e-,48.5938,7.04501e-23,9.46681,7.8,2.68928,0.486235,detectLogical_PV,sourcePhysical
477405,206,-1,e-,41.519,6.84686e-23,7.70186,7.8,1.21294,8.68836,detectLogical_PV,sourcePhysical
477848,209,-1,e-,39.982,7.1971e-23,7.6388,7.8,-2.17478,1.54161,detectLogical_PV,sourcePhysical
478583,103,-1,e-,14.5293,1.35858e-22,8.99115,7.57712,3.25527,11.7233,detectLogical_PV,sourcePhysical
484098,103,-1,e-,136.777,3.71821e-23,7.4509,7.8,-1.66682,3.93558,detectLogical_PV,sourcePhysical
484165,103,-1,e-,54.9443,6.33445e-23,5.6395,7.8,0.701069,6.46295,detectLogical_PV,sourcePhysical
486076,106,-1,e-,139.378,2.90102e-23,7.42047,7.8,1.74452,1.8052,detectLogical_PV,sourcePhysical
486086,103,-1,e-,74.2908,5.32698e-23,5.62,7.8,-2.5128,1.97125,detectLogical_PV,sourcePhysical
487084,103,-1,e-,80.6977,4.16211e-23,6.88103,7.8,1.78308,1.88719,detectLogical_PV,sourcePhysical
487534,250,-1,e-,54.8317,7.8263e-23,7.74291,7.8,0.693819,4.77847,detectLogical_PV,sourcePhysical
487965,103,-1,e-,141.976,3.80544e-23,10.384,7.8,0.543835,5.66339,detectLogical_PV,sourcePhysical
488270,259,-1,e-,12.8657,1.9577e-22,6.01085,7.8,-1.80823,8.24091,detectLogical_PV,sourcePhysical
490984,103,-1,e-,22.1052,2.44263e-22,7.84786,7.8,0.874349,5.84199,detectLogical_PV,sourcePhysical
492347,310,-1,gamma,6.36271,0,10.4093,7.71767,-1.41156,3.36375,detectLogical_PV,NA
492358,120,-1,e-,140.346,3.75544e-23,6.93006,7.8,-0.35676,1.73208,detectLogical_PV,sourcePhysical
492668,182,-1,e-,22.7124,1.18157e-22,8.94513,7.8,-0.562055,27.1679,detectLogical_PV,sourcePhysical
492782,103,-1,e-,42.1757,9.66846e-23,7.21224,7.8,0.0467085,5.86442,detectLogical_PV,sourcePhysical
492883,191,-1,e-,158.846,3.34928e-23,6.90027,7.8,-2.48552,7.97873,detectLogical_PV,sourcePhysical
495417,237,-1,e-,55.9963,1.53155e-23,10.3275,7.43727,1.61187,2.60322,detectLogical_PV,sourcePhysical
495492,103,-1,e-,10.9694,3.87145e-22,5.78466,7.8,-3.18308,1.98675,detectLogical_PV,sourcePhysical
496077,103,-1,e-,132.985,3.72095e-23,6.06753,7.8,1.41024,2.0695,detectLogical_PV,sourcePhysical
496480,103,-1,e-,99.7691,4.60216e-23,10.0269,7.8,-0.819602,65.0222,detectLogical_PV,sourcePhysical
497575,103,-1,e-,131.926,3.81996e-23,9.19925,7.8,-1.12329,0.595679,detectLogical_PV,sourcePhysical
498036,201,-1,e-,39.6733,7.1685e-23,7.6431,7.8,3.25243,0.742178,detectLogical_PV,sourcePhysical
498398,103,-1,e-,82.4429,4.67426e-23,5.56578,7.8,0.409665,3.38268,detectLogical_PV,sourcePhysical
498839,129,-1,e-,92.5041,4.15637e-23,5.294,7.8,2.0977,9.62553,detectLogical_PV,sourcePhysical
499158,103,-1,e-,107.676,3.65002e-23,8.9848,7.8,0.485544,15.1435,detectLogical_PV,sourcePhysical
499293,103,-1,e-,113.167,4.11314e-23,8.37356,7.8,-3.29688,12.3322,detectLogical_PV,sourcePhysical
499899,256,-1,e-,13.057,2.45252e-22,5.93575,7.8,-3.13677,19.2039,detectLogical_PV,sourcePhysical
