#class tools::wcsv::ntuple
#title APXS Detector Hits
#separator 44
#vector_separator 59
#column int EventID
#column int TrackID
#column int MigrantID
#column string Particle
#column double InitialEnergy
#column double DepositedEnergy
#column double XPosition
#column double YPosition
#column double ZPosition
#column double LocalTime
#column string Volume
#column string ParentVolume
720,103,-1,e-,182.623,2.95683e-23,6.66232,7.8,-0.551252,4.50946,detectLogical_PV,sourcePhysical
1022,152,-1,e-,80.7123,5.55284e-23,7.07346,7.8,0.240079,9.77056,detectLogical_PV,sourcePhysical
1185,103,-1,e-,161.524,4.03684e-23,6.32165,7.8,1.89035,2.69696,detectLogical_PV,sourcePhysical
1464,199,-1,e-,19.9365,1.48839e-22,6.96309,7.8,0.15035,4.14868,detectLogical_PV,sourcePhysical
1700,173,-1,e-,99.787,4.75631e-23,7.7832,7.8,-1.10959,2.11461,detectLogical_PV,sourcePhysical
1877,103,-1,e-,77.7123,6.66761e-23,8.11228,7.8,-0.451704,0.939608,detectLogical_PV,sourcePhysical
2136,103,-1,e-,112.237,3.56692e-23,5.55261,7.8,-3.54277,11.8504,detectLogical_PV,sourcePhysical
2499,156,-1,e-,153.142,3.33062e-23,7.08269,7.8,1.78036,6.0733,detectLogical_PV,sourcePhysical
3008,103,-1,e-,7.10039,3.69468e-22,7.77476,7.8,-1.26119,6.00679,detectLogical_PV,sourcePhysical
3100,103,-1,e-,5.39041,5.34757e-22,5.36151,7.76054,3.78108,9.1976,detectLogical_PV,sourcePhysical
3216,180,-1,e-,50.3867,8.89922e-23,9.16811,7.8,0.526507,6.21313,detectLogical_PV,sourcePhysical
3486,103,-1,e-,5.62046,4.11307e-22,6.79364,7.8,-0.0944472,16.5334,detectLogical_PV,sourcePhysical
3948,134,-1,e-,66.8857,1.33225e-22,4.05646,7.8,1.91113,2.72151,detectLogical_PV,sourcePhysical
4817,103,-1,e-,8.60322,3.43124e-22,7.53216,7.8,0.882356,15.8766,detectLogical_PV,sourcePhysical
4871,141,-1,e-,94.4682,5.14542e-23,6.60314,7.8,2.15645,6.27014,detectLogical_PV,sourcePhysical
5417,103,-1,e-,31.3836,9.39193e-23,5.44468,7.8,-1.88892,6.7108,detectLogical_PV,sourcePhysical
5829,151,-1,e-,75.8883,4.29199e-23,8.06219,7.8,-1.95991,1.71667,detectLogical_PV,sourcePhysical
6144,103,-1,e-,85.9607,5.71823e-23,8.48445,7.8,0.937837,8.10995,detectLogical_PV,sourcePhysical
8973,265,-1,gamma,49.8941,0,3.31615,7.8,-1.69884,0.668761,detectLogical_PV,sourcePhysical
9038,103,-1,e-,111.765,5.90151e-23,9.0291,7.8,-2.25286,20.7808,detectLogical_PV,sourcePhysical
10031,103,-1,e-,33.2331,1.46715e-22,8.27979,7.8,-0.538194,3.03579,detectLogical_PV,sourcePhysical
11154,103,-1,e-,95.7495,4.49512e-23,9.73734,7.8,-0.863588,17.0164,detectLogical_PV,sourcePhysical
11436,103,-1,e-,47.9605,5.99796e-23,4.13437,7.8,2.53223,4.86433,detectLogical_PV,sourcePhysical
11644,534,-1,e-,48.1396,8.74573e-23,7.82075,7.8,2.41898,16.7631,detectLogical_PV,sourcePhysical
12131,237,-1,e-,49.9077,4.30718e-24,10.6189,7.32077,-0.616033,0.782546,detectLogical_PV,sourcePhysical
12718,122,-1,e-,7.73692,2.20639e-22,3.5782,7.56531,-2.54192,7.17076,detectLogical_PV,sourcePhysical
13952,171,-1,e-,37.5715,8.2858e-23,9.1268,7.8,-0.284569,6.80846,detectLogical_PV,sourcePhysical
14600,103,-1,e-,69.0746,5.43443e-23,5.78009,7.8,2.85257,9.58633,detectLogical_PV,sourcePhysical
14964,107,-1,e-,83.8875,5.65006e-23,8.5843,7.8,-2.05427,15.4553,detectLogical_PV,sourcePhysical
15552,291,-1,e-,42.3439,1.01921e-22,9.57075,7.8,0.0933,21.3839,detectLogical_PV,sourcePhysical
16115,131,-1,e-,18.9991,1.61122e-22,7.33567,7.8,2.29724,3.87351,detectLogical_PV,sourcePhysical
16479,103,-1,e-,24.1052,9.63249e-23,8.43441,7.56904,-3.58819,0.467047,detectLogical_PV,sourcePhysical
16618,146,-1,e-,133.744,4.65932e-23,7.11145,7.8,-1.82781,5.58666,detectLogical_PV,sourcePhysical
17228,103,-1,e-,80.5325,8.49428e-23,7.7894,7.8,1.82374,5.44282,detectLogical_PV,sourcePhysical
17494,274,-1,e-,17.614,1.8977e-22,7.30934,7.8,3.23756,17.1961,detectLogical_PV,sourcePhysical
17749,143,-1,e-,72.1379,5.47271e-23,5.47177,7.8,-3.20935,13.7153,detectLogical_PV,sourcePhysical
18670,103,-1,e-,39.9874,1.35591e-22,8.34935,7.8,0.312777,7.63814,detectLogical_PV,sourcePhysical
19073,127,-1,e-,78.2786,5.78192e-23,2.89593,7.8,-1.10261,6.87706,detectLogical_PV,sourcePhysical
19628,107,-1,e-,102.748,4.89765e-23,4.55161,7.8,1.72526,0.307328,detectLogical_PV,sourcePhysical
20097,122,-1,e-,40.0279,8.32613e-23,6.67921,7.8,0.435179,3.90007,detectLogical_PV,sourcePhysical
20146,173,-1,e-,42.8531,7.10087e-23,9.8191,7.8,-1.14842,15.1296,detectLogical_PV,worldPhysical
20204,103,-1,e-,111.365,4.75465e-23,5.44544,7.8,2.51075,7.69302,detectLogical_PV,sourcePhysical
20409,103,-1,e-,56.9747,5.25279e-23,3.30127,7.8,-0.738356,7.44245,detectLogical_PV,sourcePhysical
20630,179,-1,e-,68.7187,3.34248e-24,10.4899,7.32232,-1.1761,13.9292,detectLogical_PV,sourcePhysical
21219,103,-1,e-,109.468,4.20588e-23,6.80693,7.8,-2.64673,5.26954,detectLogical_PV,sourcePhysical
22313,135,-1,e-,40.9295,7.57017e-23,7.62033,7.8,2.44698,0.132558,detectLogical_PV,sourcePhysical
22507,124,-1,e-,47.6183,9.2653e-23,7.41001,7.8,-2.87025,2.79874,detectLogical_PV,sourcePhysical
22571,187,-1,e-,21.5836,1.89326e-22,4.41082,7.8,-2.61923,1.74008,detectLogical_PV,sourcePhysical
24477,103,-1,e-,16.4313,1.53389e-22,8.47405,7.8,-0.0527248,3.63087,detectLogical_PV,sourcePhysical
25097,138,-1,e-,8.83708,2.52406e-22,8.18507,7.8,-1.18927,2.80189,detectLogical_PV,sourcePhysical
25718,103,-1,e-,71.059,2.9932e-23,9.21905,7.41092,-3.07983,9.02484,detectLogical_PV,sourcePhysical
26592,103,-1,e-,27.8295,9.6733e-23,8.89665,7.8,-0.783709,2.09763,detectLogical_PV,sourcePhysical
27135,134,-1,e-,115.203,3.61966e-23,7.48348,7.8,-2.76488,1.66518,detectLogical_PV,sourcePhysical
28128,103,-1,e-,96.9084,4.62292e-23,9.81881,7.8,-2.14732,4.98044,detectLogical_PV,sourcePhysical
30319,116,-1,e-,8.94314,3.21812e-22,3.78837,7.8,-2.20568,5.28009,detectLogical_PV,sourcePhysical
30573,103,-1,e-,33.9657,1.24036e-22,9.25952,7.8,0.260326,2.95775,detectLogical_PV,sourcePhysical
31587,103,-1,e-,36.6924,1.03466e-22,5.59277,7.8,2.0115,0.810916,detectLogical_PV,sourcePhysical
31711,103,-1,e-,80.266,5.5224e-23,4.91729,7.8,-2.49425,14.8322,detectLogical_PV,sourcePhysical
32258,226,-1,e-,46.6895,6.40365e-23,5.22757,7.8,0.667631,4.27057,detectLogical_PV,sourcePhysical
32353,321,-1,e-,18.7711,1.32206e-22,5.19029,7.8,0.185626,13.2211,detectLogical_PV,sourcePhysical
32387,103,-1,e-,93.9921,6.02013e-23,8.18089,7.8,-0.991821,3.19886,detectLogical_PV,sourcePhysical
33837,103,-1,e-,47.9508,1.08998e-22,4.29074,7.8,-2.34474,2.76664,detectLogical_PV,sourcePhysical
33914,103,-1,e-,56.2919,5.8062e-23,6.47126,7.8,2.99467,1.91243,detectLogical_PV,sourcePhysical
34860,363,-1,e-,57.0379,6.25848e-23,8.31955,7.8,0.571851,21.4523,detectLogical_PV,sourcePhysical
35546,142,-1,e-,128.626,2.94115e-23,5.86363,7.8,2.43644,0.375848,detectLogical_PV,sourcePhysical
35762,103,-1,e-,49.6454,9.35636e-23,7.91556,7.8,0.665989,2.01622,detectLogical_PV,sourcePhysical
36375,211,-1,e-,32.2978,1.05708e-22,5.91517,7.8,-0.426783,8.49944,detectLogical_PV,sourcePhysical
36386,142,-1,e-,76.4103,4.18472e-23,5.87176,7.8,-1.13335,0.51099,detectLogical_PV,sourcePhysical
37730,125,-1,e-,35.8792,8.67558e-23,7.21868,7.8,-2.10991,3.74484,detectLogical_PV,sourcePhysical
38417,103,-1,e-,91.3543,3.84907e-23,8.76062,7.8,-1.77979,4.98326,detectLogical_PV,sourcePhysical
38824,103,-1,e-,75.6123,6.96719e-23,7.35025,7.8,-3.67819,1.50696,detectLogical_PV,sourcePhysical
38973,103,-1,e-,28.5482,1.11919e-22,6.26004,7.8,2.39879,3.71104,detectLogical_PV,sourcePhysical
39104,103,-1,e-,33.8967,9.13877e-23,8.7726,7.8,1.14472,23.3867,detectLogical_PV,sourcePhysical
39391,103,-1,e-,62.8617,6.09042e-23,7.84165,7.8,2.30113,0.141924,detectLogical_PV,sourcePhysical
39818,224,-1,e-,10.4561,2.2566e-22,8.31698,7.8,1.82988,10.2425,detectLogical_PV,sourcePhysical
39901,103,-1,e-,101.012,4.81939e-23,6.73861,7.8,-2.3609,11.4351,detectLogical_PV,sourcePhysical
39902,124,-1,e-,100.668,3.28821e-23,5.85707,7.69462,3.91721,1.59534,detectLogical_PV,sourcePhysical
40181,106,-1,e-,52.6194,7.09396e-23,10.3451,7.8,-0.108569,3.01396,detectLogical_PV,sourcePhysical
40554,103,-1,e-,169.953,2.08291e-23,7.82931,7.63852,-3.82731,4.07421,detectLogical_PV,sourcePhysical
40846,103,-1,e-,66.0564,7.12606e-23,8.25699,7.8,-0.710742,17.2896,detectLogical_PV,sourcePhysical
42309,103,-1,e-,95.633,4.0569e-23,5.02578,7.8,1.50397,2.23137,detectLogical_PV,sourcePhysical
42442,103,-1,e-,18.3123,2.03963e-22,7.36298,7.8,0.0182842,10.0428,detectLogical_PV,worldPhysical
42469,123,-1,e-,132.164,3.54608e-23,8.4653,7.8,-1.44316,20.0688,detectLogical_PV,sourcePhysical
42907,106,-1,e-,170.565,2.63033e-23,8.36036,7.8,-0.191128,2.46777,detectLogical_PV,sourcePhysical
42923,128,-1,e-,44.98,1.0979e-22,10.5594,7.5927,0.920089,1.48946,detectLogical_PV,sourcePhysical
44016,138,-1,e-,25.354,1.02569e-22,3.67124,7.8,-2.12757,2.89403,detectLogical_PV,sourcePhysical
45135,142,-1,e-,89.0417,3.82387e-23,4.86871,7.8,-0.999382,2.51861,detectLogical_PV,sourcePhysical
45352,114,-1,e-,70.7866,4.91558e-23,6.66569,7.8,-0.716617,3.19328,detectLogical_PV,sourcePhysical
45392,298,-1,e-,41.6804,6.96987e-23,3.89706,7.8,0.651493,39.0948,detectLogical_PV,sourcePhysical
46765,103,-1,e-,41.724,8.52847e-23,6.68213,7.8,3.64266,7.49852,detectLogical_PV,sourcePhysical
46947,212,-1,e-,60.8548,7.54859e-23,7.56492,7.8,0.118746,5.18941,detectLogical_PV,sourcePhysical
48577,103,-1,e-,211.269,2.93004e-23,10.0191,7.8,1.51044,2.57554,detectLogical_PV,sourcePhysical
48577,150,-1,e-,162.421,3.52509e-23,8.42012,7.8,2.73925,6.32842,detectLogical_PV,sourcePhysical
49792,103,-1,e-,70.2918,5.05593e-23,5.22616,7.8,1.62566,18.3068,detectLogical_PV,worldPhysical
49899,103,-1,e-,22.958,1.176e-22,4.79464,7.8,-2.1693,1.77903,detectLogical_PV,sourcePhysical
49925,110,-1,e-,22.908,1.15778e-22,4.62684,7.8,1.6397,19.9808,detectLogical_PV,sourcePhysical
50605,103,-1,e-,75.6234,7.07996e-23,5.56754,7.8,0.949226,14.4254,detectLogical_PV,sourcePhysical
51294,103,-1,e-,36.785,7.74162e-23,3.89342,7.8,-2.34849,11.5945,detectLogical_PV,sourcePhysical
51447,103,-1,e-,77.4858,6.37811e-23,6.71835,7.8,2.47074,3.32122,detectLogical_PV,sourcePhysical
52541,108,-1,e-,96.2315,6.66156e-23,7.94599,7.8,-2.50004,19.0994,detectLogical_PV,sourcePhysical
53547,103,-1,e-,95.5444,3.60559e-23,6.43758,7.8,-2.80567,0.781638,detectLogical_PV,sourcePhysical
53578,239,-1,e-,32.0654,8.83184e-23,5.59917,7.8,3.22305,5.06672,detectLogical_PV,worldPhysical
53778,152,-1,e-,33.8521,8.64696e-23,8.22913,7.8,1.93615,2.61415,detectLogical_PV,sourcePhysical
54111,147,-1,e-,63.484,8.99785e-23,8.74906,7.8,3.29001,0.158482,detectLogical_PV,sourcePhysical
54131,304,-1,e-,115.496,4.55935e-23,6.16816,7.8,-0.101185,1.16129,detectLogical_PV,sourcePhysical
54900,156,-1,e-,21.402,1.28065e-22,6.88077,7.8,3.59012,15.7765,detectLogical_PV,sourcePhysical
56088,103,-1,e-,189.791,3.27253e-23,9.23177,7.8,1.36403,1.49838,detectLogical_PV,sourcePhysical
56159,303,-1,e-,63.2281,5.36186e-23,8.92962,7.8,-2.13725,8.3079,detectLogical_PV,sourcePhysical
56176,103,-1,e-,4.93723,5.55088e-22,9.05965,7.8,2.8395,1.31897,detectLogical_PV,sourcePhysical
56531,103,-1,e-,25.6891,1.32553e-22,7.02953,7.8,3.31862,3.70192,detectLogical_PV,sourcePhysical
56755,103,-1,e-,21.4745,9.19383e-24,3.93203,7.3151,-2.91921,1.95242,detectLogical_PV,sourcePhysical
57457,194,-1,e-,47.7119,5.97298e-23,4.5941,7.8,-1.64333,7.47593,detectLogical_PV,sourcePhysical
57691,119,-1,e-,22.5717,1.25511e-22,6.34492,7.8,0.858124,6.87216,detectLogical_PV,sourcePhysical
60080,103,-1,e-,29.0007,1.26296e-22,8.55431,7.8,2.38849,5.60341,detectLogical_PV,sourcePhysical
60908,103,-1,e-,41.8417,6.93778e-23,4.97032,7.8,-0.304943,7.32767,detectLogical_PV,sourcePhysical
61045,103,-1,e-,39.3039,8.37659e-23,3.71147,7.8,0.567394,11.122,detectLogical_PV,sourcePhysical
61199,205,-1,e-,35.5885,1.26526e-22,10.4302,7.8,-0.53265,19.0879,detectLogical_PV,sourcePhysical
61250,103,-1,e-,90.5641,4.35174e-23,8.17493,7.8,1.4757,4.45038,detectLogical_PV,sourcePhysical
62212,117,-1,e-,28.9146,9.55203e-23,5.30028,7.8,3.2063,17.7801,detectLogical_PV,sourcePhysical
62888,226,-1,e-,61.7832,5.06537e-23,9.6098,7.8,0.454701,17.0124,detectLogical_PV,sourcePhysical
64151,103,-1,e-,57.2215,9.25023e-24,6.86827,7.36862,3.99492,3.22792,detectLogical_PV,sourcePhysical
64360,183,-1,e-,65.2062,6.17299e-23,6.55863,7.8,-0.352518,5.68084,detectLogical_PV,sourcePhysical
64439,273,-1,e-,16.9802,1.64395e-22,5.81937,7.8,-1.21984,3.54722,detectLogical_PV,sourcePhysical
64600,313,-1,e-,138.672,4.55987e-23,8.71517,7.8,1.40906,0.540779,detectLogical_PV,sourcePhysical
64735,216,-1,e-,24.8248,1.106e-22,5.67751,7.8,-2.33913,1.7574,detectLogical_PV,sourcePhysical
65146,121,-1,e-,152.746,2.95569e-23,10.3364,7.8,-0.0707749,6.54538,detectLogical_PV,sourcePhysical
65877,103,-1,e-,22.3732,1.63285e-22,9.28862,7.8,-0.60347,1.53638,detectLogical_PV,sourcePhysical
66179,128,-1,gamma,13.4424,0,6.70646,7.8,-2.17422,1.66428,detectLogical_PV,targetPhysical
66561,103,-1,e-,154.23,1.07652e-24,9.80454,7.31702,-2.48067,0.190414,detectLogical_PV,sourcePhysical
66742,246,-1,e-,94.4745,4.81187e-23,5.63871,7.8,0.985268,4.91669,detectLogical_PV,sourcePhysical
66840,103,-1,e-,11.2637,2.46966e-22,4.24424,7.8,-0.305711,8.49156,detectLogical_PV,sourcePhysical
67035,201,-1,e-,80.3947,3.97311e-23,8.46473,7.8,-2.45127,3.56702,detectLogical_PV,sourcePhysical
67178,103,-1,e-,23.196,1.74865e-22,7.66842,7.8,1.48329,11.2684,detectLogical_PV,sourcePhysical
68095,149,-1,e-,102.845,3.53171e-23,5.02908,7.8,-1.41185,10.2882,detectLogical_PV,sourcePhysical
68256,103,-1,e-,14.7582,2.27534e-22,7.1782,7.8,2.72639,6.9633,detectLogical_PV,sourcePhysical
68544,103,-1,e-,34.4938,8.28697e-23,10.3038,7.8,-0.765441,20.8252,detectLogical_PV,worldPhysical
69198,117,-1,e-,40.587,6.96231e-23,8.29767,7.8,-2.88786,8.45241,detectLogical_PV,sourcePhysical
69327,224,-1,e-,20.4905,1.26612e-22,6.12877,7.8,-2.90746,20.4486,detectLogical_PV,sourcePhysical
69912,103,-1,e-,69.3104,5.49979e-23,7.61749,7.8,1.24537,0.41997,detectLogical_PV,worldPhysical
69946,213,-1,e-,2.04693,1.15188e-21,5.35526,7.8,0.46688,7.46788,detectLogical_PV,sourcePhysical
70084,165,-1,e-,17.2604,3.6013e-23,10.3822,7.3872,-1.48154,8.76424,detectLogical_PV,sourcePhysical
70250,103,-1,e-,19.1429,2.11221e-22,4.90247,7.8,2.88892,1.36178,detectLogical_PV,sourcePhysical
70474,103,-1,e-,28.8884,9.69532e-23,5.90258,7.8,-3.54752,7.07062,detectLogical_PV,sourcePhysical
70493,106,-1,e-,64.2021,5.63007e-23,4.43938,7.8,-0.630725,0.283014,detectLogical_PV,sourcePhysical
71341,103,-1,e-,13.5133,2.25875e-22,5.86546,7.8,-3.83145,2.2557,detectLogical_PV,sourcePhysical
72107,103,-1,e-,71.9211,4.79221e-23,5.9619,7.8,-0.805184,2.43312,detectLogical_PV,sourcePhysical
72126,187,-1,e-,214.872,4.24754e-23,5.53749,7.8,-3.2947,1.26366,detectLogical_PV,sourcePhysical
72203,103,-1,e-,46.6472,3.91705e-23,5.04569,7.53635,3.65683,0.583775,detectLogical_PV,sourcePhysical
73292,138,-1,e-,28.9026,9.12777e-23,3.91004,7.8,1.97615,11.5273,detectLogical_PV,sourcePhysical
73518,103,-1,e-,13.3119,1.98381e-22,7.51229,7.8,0.146853,10.2898,detectLogical_PV,sourcePhysical
74882,103,-1,e-,70.6798,8.03753e-23,9.91288,7.8,2.05022,0.794635,detectLogical_PV,sourcePhysical
75804,128,-1,e-,24.688,1.16048e-22,4.35487,7.8,1.33405,1.40015,detectLogical_PV,sourcePhysical
75811,206,-1,e-,79.3809,4.69239e-23,4.6343,7.8,-0.152034,12.3475,detectLogical_PV,sourcePhysical
76028,103,-1,e-,5.8484,4.1558e-22,4.33595,7.8,1.16145,1.20358,detectLogical_PV,sourcePhysical
76668,103,-1,e-,143.205,2.48559e-23,4.68909,7.65398,-3.47695,1.98092,detectLogical_PV,sourcePhysical
76981,103,-1,e-,19.158,1.59825e-22,4.98759,7.8,-1.05364,5.35303,detectLogical_PV,sourcePhysical
77064,190,-1,e-,77.7641,3.5516e-23,10.5051,7.53325,1.12538,10.6781,detectLogical_PV,sourcePhysical
77190,112,-1,e-,12.1363,2.17373e-22,8.23568,7.8,-3.11675,3.62017,detectLogical_PV,sourcePhysical
77199,164,-1,e-,18.9893,1.62513e-22,5.3998,7.8,-1.34051,2.55338,detectLogical_PV,sourcePhysical
77813,103,-1,e-,112.02,4.34774e-23,7.75271,7.8,0.176619,0.0150327,detectLogical_PV,sourcePhysical
78778,145,-1,e-,100.855,3.46172e-23,7.8191,7.8,-0.491316,4.46819,detectLogical_PV,sourcePhysical
78837,121,-1,e-,63.3908,1.76075e-23,7.71324,7.42561,-3.86066,0.797898,detectLogical_PV,sourcePhysical
78837,121,-1,e-,49.0124,1.24016e-22,9.39728,7.3,-0.214893,0.797898,detectLogical_PV,sourcePhysical
79232,103,-1,e-,28.3333,8.5037e-23,5.39876,7.52514,3.79373,0.944575,detectLogical_PV,sourcePhysical
79232,103,-1,e-,15.264,1.81803e-22,3.80397,7.71517,-2.79373,0.944575,detectLogical_PV,sourcePhysical
79257,103,-1,e-,117.668,3.57873e-23,7.17986,7.8,-2.39669,8.82036,detectLogical_PV,sourcePhysical
80229,103,-1,e-,33.8174,1.3252e-22,7.50104,7.8,2.485,6.57874,detectLogical_PV,sourcePhysical
80372,163,-1,e-,177.969,4.81876e-23,6.09939,7.78497,-3.95957,0.854559,detectLogical_PV,sourcePhysical
81021,103,-1,e-,58.7978,7.11109e-23,6.40894,7.8,1.09566,8.83098,detectLogical_PV,sourcePhysical
81209,119,-1,e-,88.8721,3.66333e-23,4.375,7.8,-0.508113,9.37973,detectLogical_PV,sourcePhysical
81940,261,-1,e-,76.502,4.14458e-23,3.88789,7.8,-0.80709,1.08691,detectLogical_PV,subPhysical
82133,103,-1,e-,25.7417,1.61965e-22,6.21434,7.8,-3.18998,0.632116,detectLogical_PV,sourcePhysical
82465,103,-1,e-,21.8009,1.83256e-22,9.72926,7.8,0.703237,5.65688,detectLogical_PV,sourcePhysical
83099,103,-1,e-,104.577,3.52193e-23,4.93013,7.8,-1.54654,5.41139,detectLogical_PV,sourcePhysical
83269,103,-1,e-,5.72455,9.71788e-22,2.72781,7.73712,-0.696697,4.68843,detectLogical_PV,sourcePhysical
83287,103,-1,e-,136.257,3.60129e-23,10.5206,7.76173,-1.07099,11.4485,detectLogical_PV,sourcePhysical
83344,153,-1,e-,52.4022,8.42091e-23,6.5053,7.8,1.35863,12.8975,detectLogical_PV,sourcePhysical
83364,103,-1,e-,77.3097,4.44976e-23,5.96996,7.8,-0.291642,11.7519,detectLogical_PV,sourcePhysical
83467,103,-1,e-,42.0972,7.27839e-23,8.48538,7.8,1.5456,2.35595,detectLogical_PV,sourcePhysical
83758,311,-1,e-,10.8052,2.16252e-22,6.09282,7.8,2.03611,21.3907,detectLogical_PV,sourcePhysical
84947,184,-1,e-,142.686,3.13664e-23,5.83393,7.8,0.241444,13.48,detectLogical_PV,sourcePhysical
84987,103,-1,e-,18.5575,2.0678e-22,6.66728,7.8,0.800116,0.318287,detectLogical_PV,sourcePhysical
85424,103,-1,e-,133.02,3.44067e-23,7.35753,7.8,-0.936492,17.524,detectLogical_PV,sourcePhysical
85860,109,-1,e-,25.1464,1.13241e-22,9.16892,7.8,1.25705,5.24441,detectLogical_PV,sourcePhysical
86680,170,-1,e-,148.458,3.51024e-23,3.99178,7.8,-0.996195,12.1967,detectLogical_PV,sourcePhysical
87131,103,-1,e-,124.125,4.72865e-23,6.0412,7.8,0.94294,8.81796,detectLogical_PV,sourcePhysical
87884,119,-1,e-,121.525,3.97054e-23,8.74585,7.8,1.56546,6.75654,detectLogical_PV,sourcePhysical
88283,132,-1,e-,144.209,4.17512e-23,9.51857,7.8,0.130312,4.98031,detectLogical_PV,sourcePhysical
88563,144,-1,e-,17.8441,1.57543e-23,6.55439,7.33625,3.99842,3.6519,detectLogical_PV,sourcePhysical
90460,166,-1,gamma,120.636,0,8.83372,7.8,-2.97868,2.26006,detectLogical_PV,targetPhysical
90650,111,-1,e-,19.7946,1.79384e-22,5.69879,7.8,3.0977,15.5859,detectLogical_PV,sourcePhysical
90835,125,-1,e-,79.7992,5.55592e-23,10.2424,7.69944,1.79288,14.3512,detectLogical_PV,sourcePhysical
90984,141,-1,e-,64.7248,6.46363e-23,8.25494,7.8,-1.3164,6.54122,detectLogical_PV,sourcePhysical
91805,121,-1,e-,96.3226,4.55527e-23,8.31652,7.8,0.83512,1.14945,detectLogical_PV,sourcePhysical
91991,103,-1,e-,93.7274,3.53005e-23,6.59867,7.8,-2.21871,8.70949,detectLogical_PV,sourcePhysical
92105,138,-1,e-,113.619,4.33216e-23,8.77911,7.8,2.83046,1.92934,detectLogical_PV,sourcePhysical
92932,114,-1,e-,4.19062,5.39127e-22,8.79262,7.8,0.750189,0.364014,detectLogical_PV,sourcePhysical
92964,103,-1,e-,50.4147,6.22537e-23,5.38439,7.8,0.853641,3.17392,detectLogical_PV,sourcePhysical
93112,145,-1,e-,139.229,4.37286e-23,7.75597,7.8,3.39097,7.74427,detectLogical_PV,sourcePhysical
93753,108,-1,e-,66.0557,6.85515e-23,6.51468,7.8,0.647808,2.33372,detectLogical_PV,sourcePhysical
94168,103,-1,e-,11.3255,2.54865e-22,5.21085,7.8,-1.65342,3.29809,detectLogical_PV,sourcePhysical
94258,103,-1,e-,117.029,3.31354e-23,3.82606,7.8,0.427785,2.31321,detectLogical_PV,sourcePhysical
94428,103,-1,e-,123.229,4.35543e-23,5.85133,7.8,-0.267954,4.86758,detectLogical_PV,sourcePhysical
94454,103,-1,e-,121.71,3.57186e-23,7.40396,7.8,-2.39891,4.3863,detectLogical_PV,sourcePhysical
94930,103,-1,e-,85.9023,5.20844e-23,4.57344,7.8,0.720424,1.71171,detectLogical_PV,sourcePhysical
95256,103,-1,e-,25.3418,1.23004e-22,5.47907,7.8,3.70222,5.706,detectLogical_PV,sourcePhysical
95261,137,-1,e-,164.495,3.22373e-23,5.22242,7.8,1.01811,8.13426,detectLogical_PV,sourcePhysical
95937,185,-1,e-,69.3178,5.08894e-23,6.07676,7.8,-0.254654,3.23463,detectLogical_PV,sourcePhysical
95953,154,-1,e-,176.582,2.56277e-23,8.28596,7.8,-1.31028,19.4722,detectLogical_PV,sourcePhysical
96227,154,-1,e-,12.9845,1.91239e-22,4.56005,7.8,-0.9418,8.80822,detectLogical_PV,sourcePhysical
96513,106,-1,e-,112.057,4.49154e-23,8.59548,7.8,0.930844,6.5394,detectLogical_PV,sourcePhysical
96639,103,-1,e-,46.9223,7.76978e-23,8.69886,7.8,3.23094,19.624,detectLogical_PV,sourcePhysical
97234,103,-1,e-,60.4937,7.54393e-23,7.865,7.8,1.64776,3.16554,detectLogical_PV,sourcePhysical
97413,103,-1,e-,35.443,8.62738e-23,7.33499,7.8,2.5934,5.9213,detectLogical_PV,sourcePhysical
97599,103,-1,e-,34.5539,1.4026e-22,10.5448,7.8,-0.273057,1.52477,detectLogical_PV,sourcePhysical
97773,103,-1,e-,102.475,5.85773e-23,9.93632,7.8,0.591422,0.25106,detectLogical_PV,sourcePhysical
98129,158,-1,gamma,59.6737,0,6.30474,7.8,1.13346,0.854725,detectLogical_PV,subPhysical
99028,103,-1,e-,115.967,3.27396e-23,5.53137,7.8,-1.67133,2.71642,detectLogical_PV,sourcePhysical
99590,103,-1,e-,131.262,3.27156e-23,5.92669,7.8,-1.57817,4.2608,detectLogical_PV,worldPhysical
99676,164,-1,e-,87.2447,4.48703e-23,5.26085,7.8,1.08459,9.53974,detectLogical_PV,sourcePhysical
100213,115,-1,e-,89.8241,4.85408e-23,8.5966,7.8,-0.235101,6.18685,detectLogical_PV,sourcePhysical
100319,103,-1,e-,98.3328,4.6553e-23,5.79615,7.8,1.14878,2.70637,detectLogical_PV,sourcePhysical
100633,133,-1,e-,22.2702,1.58601e-22,9.41803,7.8,1.1777,8.43213,detectLogical_PV,sourcePhysical
100860,103,-1,e-,42.7947,7.15798e-23,7.94611,7.8,-0.312331,19.1659,detectLogical_PV,sourcePhysical
101187,103,-1,e-,41.7949,9.5638e-23,9.20425,7.8,2.52923,1.98186,detectLogical_PV,sourcePhysical
102014,137,-1,e-,56.914,6.8359e-23,5.19526,7.8,1.26561,8.09903,detectLogical_PV,sourcePhysical
102110,148,-1,e-,88.784,4.53722e-23,8.19144,7.8,-0.880124,2.40457,detectLogical_PV,sourcePhysical
102325,158,-1,e-,63.8096,6.2669e-23,9.62352,7.8,-2.54576,5.5921,detectLogical_PV,sourcePhysical
102381,202,-1,e-,42.6949,6.61706e-23,5.5621,7.8,-2.55735,1.18634,detectLogical_PV,sourcePhysical
103424,103,-1,e-,39.7837,8.35736e-23,7.22629,7.8,-3.18962,7.91196,detectLogical_PV,sourcePhysical
103443,203,-1,e-,86.9475,5.44468e-23,6.82464,7.8,0.19647,1.95925,detectLogical_PV,sourcePhysical
103522,271,-1,e-,23.6306,1.4171e-22,9.79749,7.8,-1.04038,2.74899,detectLogical_PV,sourcePhysical
103665,103,-1,e-,16.2864,2.8738e-22,5.77907,7.75862,3.90028,0.91919,detectLogical_PV,sourcePhysical
103981,103,-1,e-,146.117,3.62095e-23,9.86857,7.8,-0.57154,1.25126,detectLogical_PV,sourcePhysical
104446,103,-1,e-,22.8047,1.16864e-22,3.88038,7.8,0.228243,14.3069,detectLogical_PV,sourcePhysical
104831,178,-1,e-,18.6397,1.49571e-22,8.6715,7.8,-0.509171,2.58036,detectLogical_PV,sourcePhysical
105414,113,-1,e-,26.2608,9.82431e-23,6.66418,7.8,0.7542,7.69347,detectLogical_PV,sourcePhysical
106009,246,-1,e-,74.6563,6.02816e-23,9.89233,7.8,-2.32987,10.6114,detectLogical_PV,sourcePhysical
106313,103,-1,e-,125.174,3.31114e-23,4.70083,7.8,-0.23778,1.17839,detectLogical_PV,sourcePhysical
106366,247,-1,e-,45.7826,9.06196e-23,9.41194,7.8,-1.6433,3.88321,detectLogical_PV,sourcePhysical
106511,103,-1,e-,22.6201,2.26025e-22,9.60768,7.8,1.43401,12.7417,detectLogical_PV,sourcePhysical
106819,215,-1,e-,99.8899,3.97449e-23,7.76145,7.8,-0.919425,0.685672,detectLogical_PV,sourcePhysical
109001,112,-1,e-,40.6047,1.25512e-23,5.58456,7.35311,3.85085,3.02719,detectLogical_PV,sourcePhysical
109428,106,-1,e-,14.3161,2.21829e-22,10.0519,7.8,-1.33091,6.93491,detectLogical_PV,sourcePhysical
109535,155,-1,e-,68.8426,5.1172e-23,8.33174,7.8,1.40611,0.130733,detectLogical_PV,sourcePhysical
109579,103,-1,e-,114.663,4.01667e-23,8.90035,7.8,-0.909875,2.03813,detectLogical_PV,sourcePhysical
110542,120,-1,e-,109.265,4.06888e-23,7.1411,7.6909,-3.97176,5.06627,detectLogical_PV,sourcePhysical
110595,103,-1,e-,73.5226,5.6215e-23,4.79298,7.8,1.52283,5.88805,detectLogical_PV,sourcePhysical
110757,103,-1,e-,27.2015,1.09608e-22,8.2091,7.8,2.43216,21.8774,detectLogical_PV,sourcePhysical
110939,120,-1,e-,136.205,4.58141e-23,9.1007,7.8,2.84906,11.2267,detectLogical_PV,sourcePhysical
112481,103,-1,e-,28.5539,1.0846e-22,9.08304,7.8,-1.58557,3.67998,detectLogical_PV,sourcePhysical
112610,103,-1,e-,60.2079,1.00332e-22,9.55711,7.8,1.23697,6.04346,detectLogical_PV,sourcePhysical
112876,103,-1,e-,54.6782,5.51224e-23,3.63349,7.8,0.0288605,0.20112,detectLogical_PV,sourcePhysical
113019,103,-1,e-,51.071,5.68617e-23,8.0187,7.8,0.267156,2.224,detectLogical_PV,sourcePhysical
113516,110,-1,e-,81.7063,4.89734e-23,5.61026,7.8,-2.56725,8.66711,detectLogical_PV,sourcePhysical
114807,116,-1,e-,13.7867,1.72568e-22,8.48128,7.8,-2.03445,5.34861,detectLogical_PV,worldPhysical
115634,103,-1,e-,52.9556,6.08199e-23,10.1663,7.59946,-1.93719,1.41393,detectLogical_PV,sourcePhysical
117452,103,-1,e-,140.434,3.38566e-23,5.60927,7.8,-2.3876,1.56148,detectLogical_PV,sourcePhysical
117791,337,-1,e-,36.2273,8.24e-23,8.61588,7.8,0.387662,14.5014,detectLogical_PV,sourcePhysical
117917,103,-1,e-,148.803,3.10617e-23,4.68478,7.8,-0.701979,10.1957,detectLogical_PV,sourcePhysical
117917,126,-1,e-,85.5595,6.30971e-23,8.45908,7.8,-2.36638,5.38498,detectLogical_PV,sourcePhysical
118777,103,-1,e-,36.6856,2.45979e-23,9.28581,7.42927,-3.02325,0.0748259,detectLogical_PV,sourcePhysical
119058,120,-1,e-,10.3966,2.86419e-22,4.69616,7.8,2.9292,8.38537,detectLogical_PV,sourcePhysical
119244,238,-1,e-,23.7898,1.19135e-22,5.76508,7.8,2.0141,2.19992,detectLogical_PV,sourcePhysical
119403,116,-1,e-,18.0244,1.59501e-22,2.87827,7.8,-0.102587,7.40859,detectLogical_PV,sourcePhysical
119806,167,-1,e-,110.662,3.84546e-23,9.67002,7.8,-1.94198,0.759431,detectLogical_PV,sourcePhysical
120465,132,-1,e-,7.24533,2.40728e-22,2.78366,7.63013,0.960323,10.2309,detectLogical_PV,sourcePhysical
120746,159,-1,e-,17.3415,1.48804e-22,7.38933,7.8,2.09835,0.659638,detectLogical_PV,sourcePhysical
121428,103,-1,e-,18.83,1.96834e-22,8.40001,7.8,1.71105,6.29258,detectLogical_PV,sourcePhysical
122419,103,-1,e-,108.943,3.71212e-23,7.78091,7.8,-2.87277,27.1086,detectLogical_PV,sourcePhysical
122567,159,-1,e-,62.297,7.30006e-23,5.56239,7.8,3.77485,2.38229,detectLogical_PV,sourcePhysical
122612,103,-1,e-,89.6224,1.18588e-23,7.21955,7.44517,3.96161,2.43216,detectLogical_PV,sourcePhysical
123956,129,-1,e-,33.2851,8.812e-23,9.12207,7.48191,-3.15769,10.2736,detectLogical_PV,sourcePhysical
124064,103,-1,e-,95.258,5.25251e-23,8.02326,7.8,1.18631,1.32076,detectLogical_PV,sourcePhysical
124158,139,-1,e-,104.529,5.99964e-23,7.27054,7.8,-3.10272,24.4308,detectLogical_PV,sourcePhysical
124186,106,-1,e-,35.5775,4.52337e-23,10.1375,7.40428,1.98837,6.13869,detectLogical_PV,sourcePhysical
124725,186,-1,e-,66.7775,1.22355e-23,10.566,7.39114,0.891892,5.41976,detectLogical_PV,worldPhysical
125270,103,-1,e-,13.0125,2.34987e-22,9.82267,7.8,-1.63307,0.307872,detectLogical_PV,sourcePhysical
125445,103,-1,e-,78.1042,7.21798e-23,7.39401,7.8,3.46419,0.124715,detectLogical_PV,worldPhysical
125459,103,-1,e-,142.519,2.72564e-23,7.64107,7.8,-3.26977,3.58971,detectLogical_PV,sourcePhysical
126120,135,-1,gamma,6.34985,0,8.05046,7.8,1.68677,10.5177,detectLogical_PV,NA
126325,181,-1,gamma,11.1801,0,6.40401,7.8,-0.419804,2.24092,detectLogical_PV,targetPhysical
126689,194,-1,e-,108.218,2.62339e-23,10.3215,7.54972,-1.62549,8.60182,detectLogical_PV,sourcePhysical
126701,221,-1,gamma,104.352,0,4.08517,7.8,-1.67158,1.09201,detectLogical_PV,subPhysical
127191,103,-1,e-,52.9583,9.43706e-23,6.61379,7.8,3.25217,18.8148,detectLogical_PV,sourcePhysical
127507,103,-1,e-,144.773,3.64486e-23,7.87239,7.8,-3.25549,2.93448,detectLogical_PV,sourcePhysical
129587,103,-1,e-,82.9252,4.24639e-23,6.16075,7.8,2.50804,3.85324,detectLogical_PV,sourcePhysical
130385,297,-1,e-,5.04465,1.34516e-21,9.98308,7.3,-0.629573,0.581989,detectLogical_PV,sourcePhysical
130459,103,-1,e-,58.5968,9.86229e-23,10.4714,7.62517,1.23437,8.99289,detectLogical_PV,sourcePhysical
130775,103,-1,e-,49.5678,5.86365e-23,7.89409,7.8,0.966355,4.376,detectLogical_PV,sourcePhysical
131356,145,-1,e-,85.6759,5.62353e-23,8.84379,7.8,0.531165,0.770642,detectLogical_PV,sourcePhysical
131433,103,-1,e-,15.2781,2.13755e-22,7.47803,7.8,-0.180577,32.9545,detectLogical_PV,worldPhysical
132100,212,-1,e-,36.1252,1.38722e-22,5.55818,7.8,-3.82427,7.18328,detectLogical_PV,sourcePhysical
132490,195,-1,e-,53.7302,6.53617e-23,6.64272,7.8,-0.876437,7.39882,detectLogical_PV,sourcePhysical
132710,103,-1,e-,16.0736,2.14522e-22,7.40352,7.8,1.51927,2.46602,detectLogical_PV,sourcePhysical
132907,103,-1,e-,63.3926,6.19157e-23,8.14714,7.8,-1.76771,7.30752,detectLogical_PV,sourcePhysical
133220,103,-1,e-,87.0996,3.93553e-23,6.69603,7.8,1.42158,22.0943,detectLogical_PV,sourcePhysical
134039,109,-1,e-,52.4852,8.58631e-25,10.3552,7.30643,1.54749,12.5195,detectLogical_PV,sourcePhysical
134361,103,-1,e-,37.0145,1.14023e-22,9.07153,7.8,-0.970952,0.894572,detectLogical_PV,sourcePhysical
135151,180,-1,e-,115.143,3.12293e-23,5.78398,7.8,-1.74955,1.0074,detectLogical_PV,sourcePhysical
135610,184,-1,e-,36.8572,9.88516e-23,4.51874,7.8,-2.8576,9.90782,detectLogical_PV,sourcePhysical
136156,103,-1,e-,55.3771,5.63908e-23,8.5088,7.8,-0.785308,10.4605,detectLogical_PV,sourcePhysical
136485,103,-1,e-,75.0246,4.77622e-23,6.61485,7.8,-0.562175,5.26336,detectLogical_PV,sourcePhysical
136711,103,-1,e-,18.0784,1.70682e-22,6.64703,7.8,1.34106,7.2325,detectLogical_PV,sourcePhysical
137596,106,-1,e-,30.0842,1.22847e-22,6.17043,7.8,0.654725,0.0431,detectLogical_PV,sourcePhysical
138074,103,-1,e-,78.6974,4.0272e-23,5.30462,7.8,-0.344785,27.402,detectLogical_PV,sourcePhysical
138490,103,-1,e-,103.879,5.5254e-23,10.094,7.8,-0.0252861,13.2922,detectLogical_PV,sourcePhysical
138809,103,-1,e-,26.9393,1.07346e-22,7.81636,7.8,-1.31703,2.84292,detectLogical_PV,sourcePhysical
139380,103,-1,e-,10.2237,2.40257e-22,8.55774,7.8,0.263838,6.6822,detectLogical_PV,sourcePhysical
139507,103,-1,e-,116.741,3.83475e-23,5.97868,7.8,-1.01979,2.0805,detectLogical_PV,sourcePhysical
140207,133,-1,e-,18.5831,1.51276e-22,7.76579,7.8,-0.218198,3.26187,detectLogical_PV,sourcePhysical
140441,103,-1,e-,77.1082,4.69153e-23,9.17366,7.8,0.0457949,1.15893,detectLogical_PV,sourcePhysical
140737,141,-1,e-,165.805,2.09091e-23,10.66,7.60624,0.231073,0.775464,detectLogical_PV,sourcePhysical
141000,103,-1,e-,234.015,1.72036e-23,10.6175,7.54509,-0.62505,2.33219,detectLogical_PV,sourcePhysical
141144,103,-1,e-,35.2949,1.77015e-22,8.39512,7.8,-3.5761,10.7771,detectLogical_PV,sourcePhysical
141144,103,-1,e-,27.4773,3.72951e-22,4.31833,7.3,-1.69945,10.7771,detectLogical_PV,sourcePhysical
141314,107,-1,e-,229.314,4.16072e-23,8.85455,7.8,-2.54046,7.364,detectLogical_PV,sourcePhysical
143586,150,-1,e-,93.7357,4.59914e-23,8.13798,7.8,-2.88895,0.146442,detectLogical_PV,sourcePhysical
143647,103,-1,e-,77.607,5.52359e-23,8.33222,7.8,-1.33385,3.80639,detectLogical_PV,sourcePhysical
144238,103,-1,e-,40.5354,8.28471e-23,5.69557,7.8,2.76503,15.2858,detectLogical_PV,sourcePhysical
144634,103,-1,e-,115.387,1.76441e-23,8.0653,7.39318,3.74751,8.10648,detectLogical_PV,sourcePhysical
147983,187,-1,e-,169.644,2.92815e-23,10.1672,7.8,-0.118548,7.28206,detectLogical_PV,sourcePhysical
148226,103,-1,e-,3.17788,1.18449e-21,6.58854,7.8,2.34225,8.51184,detectLogical_PV,sourcePhysical
148412,157,-1,e-,30.1161,9.65029e-23,7.69447,7.8,-0.0345008,18.6538,detectLogical_PV,sourcePhysical
148577,224,-1,e-,143.224,4.03225e-23,7.51282,7.8,-0.345066,0.332399,detectLogical_PV,sourcePhysical
149565,103,-1,e-,42.9463,6.46897e-23,3.36546,7.8,1.65638,4.91826,detectLogical_PV,sourcePhysical
149705,265,-1,e-,81.4782,5.57961e-23,5.8385,7.8,-2.26436,4.86304,detectLogical_PV,sourcePhysical
149824,181,-1,e-,104.437,2.23133e-26,9.23852,7.3002,-3.06359,1.57324,detectLogical_PV,sourcePhysical
150240,308,-1,e-,106.254,4.00534e-23,8.26915,7.8,-1.85997,12.4084,detectLogical_PV,sourcePhysical
150957,223,-1,e-,26.8281,1.39993e-22,8.03246,7.8,0.374548,4.67266,detectLogical_PV,sourcePhysical
151145,246,-1,e-,133.161,3.19773e-23,4.89062,7.8,1.56737,0.0167333,detectLogical_PV,sourcePhysical
151258,198,-1,e-,43.6919,8.12281e-23,6.12361,7.8,0.414237,2.73168,detectLogical_PV,sourcePhysical
151536,255,-1,e-,232.215,2.06779e-23,3.47498,7.8,-0.423201,0.0205346,detectLogical_PV,sourcePhysical
151891,103,-1,e-,37.1211,8.40107e-23,5.35432,7.8,2.77984,8.07386,detectLogical_PV,sourcePhysical
152243,229,-1,e-,65.3423,5.58235e-23,8.09071,7.8,0.425203,6.4098,detectLogical_PV,sourcePhysical
153117,204,-1,e-,50.9995,6.39209e-23,6.50044,7.8,-3.40858,5.25639,detectLogical_PV,sourcePhysical
153583,117,-1,e-,28.5433,1.02454e-22,6.73328,7.8,-1.60137,5.93827,detectLogical_PV,sourcePhysical
153925,103,-1,e-,191.562,2.16776e-23,10.6079,7.62217,0.682858,0.853613,detectLogical_PV,sourcePhysical
155956,199,-1,e-,21.8745,1.18018e-22,4.34696,7.8,-0.287949,8.49031,detectLogical_PV,sourcePhysical
156655,111,-1,e-,80.5608,6.84711e-23,6.72082,7.8,-1.71608,26.6192,detectLogical_PV,sourcePhysical
156866,121,-1,e-,70.7854,4.7653e-23,3.40556,7.8,-1.9451,3.91507,detectLogical_PV,worldPhysical
158432,123,-1,e-,45.3176,7.72041e-23,6.93533,7.8,-2.69723,3.44427,detectLogical_PV,sourcePhysical
159119,107,-1,e-,76.8709,6.18949e-23,8.90788,7.8,-0.213611,8.44654,detectLogical_PV,sourcePhysical
159905,181,-1,e-,80.3068,4.53834e-23,5.3525,7.8,-1.7523,4.10286,detectLogical_PV,sourcePhysical
160019,103,-1,e-,34.0482,1.11116e-22,3.37729,7.74316,2.27596,28.0279,detectLogical_PV,sourcePhysical
160107,103,-1,e-,61.8123,6.73231e-23,6.91305,7.8,2.67935,2.61411,detectLogical_PV,sourcePhysical
160342,103,-1,e-,115.352,4.64608e-23,9.35454,7.8,0.0163308,3.72697,detectLogical_PV,sourcePhysical
160538,103,-1,e-,108.575,2.96154e-23,10.5633,7.50887,0.903628,6.14254,detectLogical_PV,sourcePhysical
160538,103,-1,e-,53.7289,1.33641e-22,7.34502,7.3,0.797613,6.14254,detectLogical_PV,sourcePhysical
161031,360,-1,e-,116.483,5.26077e-23,8.18339,7.8,0.158064,7.84791,detectLogical_PV,sourcePhysical
161222,103,-1,e-,31.7183,1.11911e-22,8.76332,7.74244,3.40647,0.0644592,detectLogical_PV,sourcePhysical
161928,103,-1,e-,37.9031,7.85398e-23,6.3046,7.8,-0.869446,3.10039,detectLogical_PV,sourcePhysical
162162,205,-1,e-,61.0713,8.26385e-23,7.8813,7.8,0.403065,19.1903,detectLogical_PV,sourcePhysical
162930,254,-1,e-,8.95645,2.58937e-22,8.59229,7.8,2.4256,1.06406,detectLogical_PV,sourcePhysical
163204,103,-1,e-,71.7137,4.44687e-23,5.95919,7.8,1.38868,12.0774,detectLogical_PV,sourcePhysical
163492,131,-1,e-,27.4365,1.81642e-22,10.0919,7.8,-0.687522,2.81697,detectLogical_PV,sourcePhysical
163537,103,-1,e-,23.8957,2.22906e-22,7.88314,7.8,-3.20131,6.92287,detectLogical_PV,sourcePhysical
163689,103,-1,e-,52.0237,6.60905e-23,7.2341,7.8,-3.48748,9.35554,detectLogical_PV,sourcePhysical
164096,103,-1,e-,6.45379,3.50657e-22,5.85877,7.8,2.97824,34.3522,detectLogical_PV,sourcePhysical
164209,103,-1,e-,93.235,3.629e-23,3.23501,7.8,-0.437632,6.25095,detectLogical_PV,sourcePhysical
164433,141,-1,e-,14.4802,1.85398e-22,6.97939,7.8,2.90198,4.68382,detectLogical_PV,sourcePhysical
164781,103,-1,e-,22.7888,1.27344e-22,5.02497,7.8,1.08344,3.65659,detectLogical_PV,sourcePhysical
165184,103,-1,e-,8.77512,4.89018e-22,6.86892,7.8,-3.34336,6.89104,detectLogical_PV,sourcePhysical
165213,103,-1,e-,50.7488,1.00929e-22,8.91482,7.8,0.69586,10.3348,detectLogical_PV,sourcePhysical
165568,110,-1,e-,21.1237,1.73878e-22,10.3391,7.8,1.10653,1.78841,detectLogical_PV,sourcePhysical
165757,138,-1,e-,20.561,1.45991e-22,4.42431,7.8,3.27396,6.95808,detectLogical_PV,sourcePhysical
165966,163,-1,e-,84.2837,4.65794e-23,7.17324,7.8,-1.84006,5.8445,detectLogical_PV,sourcePhysical
166161,160,-1,e-,45.5515,8.89968e-23,7.08493,7.8,2.24947,14.7328,detectLogical_PV,sourcePhysical
166634,103,-1,e-,108.039,3.68576e-23,7.43496,7.8,2.73295,8.90709,detectLogical_PV,sourcePhysical
