#class tools::wcsv::ntuple
#title APXS Detector Hits
#separator 44
#vector_separator 59
#column int EventID
#column int TrackID
#column int MigrantID
#column string Particle
#column double InitialEnergy
#column double DepositedEnergy
#column double XPosition
#column double YPosition
#column double ZPosition
#column double LocalTime
#column string Volume
#column string ParentVolume
2501,141,-1,gamma,22.139,0,3.10668,7.8,-1.46656,0.369957,detectLogical_PV,subPhysical
3380,105,-1,gamma,21.9609,0,3.79264,7.8,-0.116709,0.639264,detectLogical_PV,subPhysical
3388,135,-1,gamma,24.9205,0,9.30285,7.71882,3.00842,4.96085,detectLogical_PV,subPhysical
9313,126,-1,gamma,20.7104,0,9.69913,7.8,1.3574,2.43623,detectLogical_PV,sourcePhysical
9411,118,-1,gamma,24.9205,0,7.66419,7.63442,3.87362,1.27696,detectLogical_PV,subPhysical
11105,133,-1,gamma,21.9609,0,8.27963,7.8,2.10684,0.758314,detectLogical_PV,subPhysical
11282,106,-1,gamma,24.8888,0,3.80526,7.8,2.60865,2.96428,detectLogical_PV,sourcePhysical
12109,130,-1,gamma,22.139,0,6.44298,7.8,0.631287,0.730529,detectLogical_PV,subPhysical
12211,107,-1,gamma,21.9609,0,5.06047,7.8,3.50758,4.89904,detectLogical_PV,sourcePhysical
12949,116,-1,gamma,22.139,0,4.87698,7.8,2.19924,1.18513,detectLogical_PV,subPhysical
14037,111,-1,gamma,22.139,0,6.30549,7.8,-3.00481,0.453955,detectLogical_PV,worldPhysical
16187,130,-1,gamma,20.9942,0,8.0405,7.8,0.740896,9.2654,detectLogical_PV,sourcePhysical
17351,108,-1,gamma,24.9205,0,10.6329,7.55437,-0.51899,1.26941,detectLogical_PV,subPhysical
18832,134,-1,gamma,21.9609,0,5.98664,7.8,-3.08351,0.252272,detectLogical_PV,sourcePhysical
20023,132,-1,gamma,22.139,0,4.54043,7.8,0.726241,4.22853,detectLogical_PV,subPhysical
20519,122,-1,gamma,19.2467,0,7.52684,7.51826,3.90642,3.56895,detectLogical_PV,sourcePhysical
20883,117,-1,gamma,21.6554,0,6.35965,7.8,-0.203385,0.228423,detectLogical_PV,sourcePhysical
21060,135,-1,gamma,21.9609,0,8.8827,7.35122,3.33005,0.723417,detectLogical_PV,worldPhysical
26357,108,-1,gamma,21.9609,0,5.78382,7.8,2.64082,8.21799,detectLogical_PV,sourcePhysical
26447,108,-1,gamma,22.139,0,10.0132,7.4698,2.19107,2.0268,detectLogical_PV,subPhysical
29103,134,-1,gamma,24.9205,0,5.78782,7.8,2.19826,2.13965,detectLogical_PV,subPhysical
29802,107,-1,gamma,22.139,0,7.179,7.8,0.199464,2.43191,detectLogical_PV,subPhysical
31819,136,-1,gamma,22.139,0,5.9896,7.8,-3.39138,3.06101,detectLogical_PV,subPhysical
32608,109,-1,gamma,22.139,0,3.50749,7.8,1.61119,2.57108,detectLogical_PV,worldPhysical
33715,109,-1,gamma,22.139,0,10.3416,7.75481,-1.57941,0.196839,detectLogical_PV,subPhysical
34918,108,-1,gamma,21.9609,0,3.34555,7.8,0.538124,0.390521,detectLogical_PV,sourcePhysical
35184,112,-1,gamma,25.4206,0,9.82407,7.49895,2.45577,0.312623,detectLogical_PV,worldPhysical
35242,104,-1,gamma,21.9609,0,10.4379,7.65102,1.3333,0.305788,detectLogical_PV,subPhysical
35561,140,-1,gamma,22.139,0,9.27817,7.8,1.25323,1.71711,detectLogical_PV,subPhysical
36563,106,-1,gamma,24.9205,0,3.3728,7.8,0.86921,0.801251,detectLogical_PV,subPhysical
36999,110,-1,gamma,21.9609,0,8.69423,7.66025,3.44804,1.73454,detectLogical_PV,worldPhysical
38111,110,-1,gamma,22.139,0,8.1944,7.8,0.467841,1.47969,detectLogical_PV,subPhysical
38783,105,-1,gamma,24.9205,0,5.218,7.8,2.11956,4.27613,detectLogical_PV,subPhysical
42494,116,-1,gamma,21.9609,0,7.85485,7.51461,-3.81945,4.60312,detectLogical_PV,worldPhysical
42746,132,-1,gamma,22.139,0,4.76128,7.8,-3.28243,0.555307,detectLogical_PV,subPhysical
44259,119,-1,gamma,22.139,0,6.50486,7.68026,-3.99673,2.80637,detectLogical_PV,sourcePhysical
46240,122,-1,gamma,24.8888,0,3.73763,7.8,-1.96547,1.52734,detectLogical_PV,subPhysical
46925,117,-1,gamma,24.9205,0,4.0927,7.8,-1.35117,0.56688,detectLogical_PV,worldPhysical
47432,109,-1,gamma,22.139,0,8.1813,7.78944,-3.70215,0.260127,detectLogical_PV,subPhysical
48068,118,-1,gamma,21.9609,0,9.49452,7.4769,-2.82901,1.05379,detectLogical_PV,sourcePhysical
48171,103,-1,gamma,25.4259,0,4.54743,7.8,2.45342,0.943728,detectLogical_PV,subPhysical
48191,103,-1,gamma,25.4259,0,3.84322,7.8,0.874852,1.89305,detectLogical_PV,subPhysical
48644,110,-1,gamma,21.8445,0,2.91246,7.3,0.625582,2.52907,detectLogical_PV,subPhysical
49009,129,-1,gamma,22.139,0,2.99308,7.8,1.42142,1.00879,detectLogical_PV,subPhysical
52267,135,-1,gamma,22.139,0,3.74653,7.8,-2.31005,1.26583,detectLogical_PV,subPhysical
52714,119,-1,gamma,22.139,0,6.56189,7.8,-2.62864,2.67176,detectLogical_PV,sourcePhysical
54038,133,-1,gamma,19.6819,0,8.12165,7.8,1.97622,3.20552,detectLogical_PV,subPhysical
54262,106,-1,gamma,22.139,0,5.67515,7.8,-2.34909,1.30971,detectLogical_PV,subPhysical
54446,136,-1,gamma,21.5206,0,6.28827,7.8,2.93438,0.192958,detectLogical_PV,subPhysical
54477,129,-1,gamma,21.9609,0,6.35341,7.49957,3.98771,1.79669,detectLogical_PV,subPhysical
57054,108,-1,gamma,24.9205,0,5.14668,7.8,0.243369,0.212264,detectLogical_PV,subPhysical
57353,127,-1,gamma,22.139,0,5.23451,7.8,-3.38686,0.62909,detectLogical_PV,subPhysical
59224,117,-1,gamma,22.139,0,5.65765,7.8,-1.18734,0.668041,detectLogical_PV,sourcePhysical
59249,106,-1,gamma,19.6195,0,5.77749,7.8,-3.36618,0.7017,detectLogical_PV,sourcePhysical
59776,105,-1,gamma,24.8888,0,10.6054,7.32281,-0.697165,5.40964,detectLogical_PV,subPhysical
59933,104,-1,gamma,21.9609,0,8.04368,7.42117,3.75551,0.0187436,detectLogical_PV,subPhysical
60735,109,-1,gamma,22.139,0,3.07678,7.8,1.52656,0.0175425,detectLogical_PV,subPhysical
60842,107,-1,gamma,24.9205,0,6.7167,7.8,-0.745257,2.89735,detectLogical_PV,sourcePhysical
60910,107,-1,gamma,21.9609,0,4.79871,7.8,0.893144,1.53285,detectLogical_PV,subPhysical
62436,107,-1,gamma,21.9609,0,7.65748,7.3337,3.87534,0.0756644,detectLogical_PV,subPhysical
65772,111,-1,gamma,21.9609,0,6.34834,7.61942,-3.98731,3.75935,detectLogical_PV,subPhysical
67906,116,-1,gamma,24.9205,0,4.24468,7.8,2.02111,0.275305,detectLogical_PV,worldPhysical
73625,107,-1,gamma,24.9205,0,7.02473,7.8,1.70698,2.05769,detectLogical_PV,sourcePhysical
74013,106,-1,gamma,22.139,0,10.6553,7.76985,0.301069,1.73321,detectLogical_PV,subPhysical
74905,108,-1,gamma,22.139,0,8.8784,7.48731,3.3329,4.09375,detectLogical_PV,worldPhysical
75825,109,-1,gamma,22.139,0,6.13545,7.8,0.484914,1.49001,detectLogical_PV,worldPhysical
79231,108,-1,gamma,24.9205,0,3.64527,7.8,2.16236,0.0896461,detectLogical_PV,sourcePhysical
80302,107,-1,gamma,24.9205,0,8.22763,7.8,2.68366,0.194685,detectLogical_PV,sourcePhysical
81990,120,-1,gamma,21.9609,0,7.50352,7.8,-3.09903,1.20653,detectLogical_PV,subPhysical
82017,110,-1,gamma,21.9609,0,10.5184,7.78983,1.079,1.46819,detectLogical_PV,sourcePhysical
82215,106,-1,gamma,20.1418,0,8.16238,7.8,-1.15259,0.228054,detectLogical_PV,sourcePhysical
83300,109,-1,gamma,22.139,0,9.19454,7.8,2.97893,2.83831,detectLogical_PV,subPhysical
85125,110,-1,gamma,21.9609,0,7.83509,7.8,3.43153,1.70652,detectLogical_PV,subPhysical
85349,137,-1,gamma,22.139,0,8.32306,7.8,-3.1476,1.11453,detectLogical_PV,worldPhysical
85549,129,-1,gamma,22.139,0,3.30798,7.8,-0.380701,0.695368,detectLogical_PV,subPhysical
86049,108,-1,gamma,22.139,0,6.9106,7.37188,3.99256,2.14051,detectLogical_PV,subPhysical
86147,123,-1,gamma,22.139,0,7.62068,7.8,-1.41661,1.24073,detectLogical_PV,subPhysical
86595,106,-1,gamma,22.139,0,9.1277,7.8,0.287443,2.9358,detectLogical_PV,subPhysical
87469,110,-1,gamma,21.9609,0,7.38919,7.8,0.505306,1.8817,detectLogical_PV,subPhysical
87651,106,-1,gamma,21.253,0,3.69303,7.8,1.38391,2.00825,detectLogical_PV,sourcePhysical
88654,122,-1,gamma,21.3623,0,7.94193,7.43792,3.79127,4.53634,detectLogical_PV,subPhysical
88761,108,-1,gamma,21.9609,0,4.22345,7.8,2.54861,0.323335,detectLogical_PV,subPhysical
93020,123,-1,gamma,21.9609,0,4.23234,7.8,2.1739,2.7697,detectLogical_PV,subPhysical
94489,105,-1,gamma,21.9702,0,6.12595,7.8,0.0146002,4.30599,detectLogical_PV,subPhysical
94739,138,-1,gamma,22.139,0,8.22214,7.55562,-3.68517,5.05302,detectLogical_PV,subPhysical
96066,119,-1,gamma,21.9609,0,9.22732,7.8,-3.0048,4.05848,detectLogical_PV,subPhysical
97291,146,-1,gamma,24.9205,0,3.8072,7.8,-1.17473,1.44081,detectLogical_PV,sourcePhysical
97902,136,-1,gamma,22.139,0,4.08243,7.8,0.698341,1.06949,detectLogical_PV,sourcePhysical
98178,107,-1,gamma,22.139,0,2.78667,7.8,0.53546,0.339321,detectLogical_PV,subPhysical
98804,107,-1,gamma,22.139,0,10.12,7.32402,-2.01849,4.72955,detectLogical_PV,subPhysical
98932,105,-1,gamma,22.139,0,8.72572,7.8,1.81441,0.197765,detectLogical_PV,worldPhysical
99060,136,-1,gamma,21.9609,0,5.13389,7.8,-2.44054,3.51411,detectLogical_PV,subPhysical
99859,124,-1,gamma,21.9609,0,6.54989,7.8,-0.84946,1.45912,detectLogical_PV,sourcePhysical
101836,118,-1,gamma,21.9609,0,8.5073,7.40999,-3.55135,0.572024,detectLogical_PV,subPhysical
102949,112,-1,gamma,21.9609,0,4.44436,7.8,0.140195,2.96303,detectLogical_PV,subPhysical
103254,113,-1,gamma,21.9609,0,4.91973,7.8,-2.80858,3.15188,detectLogical_PV,subPhysical
104430,128,-1,gamma,22.139,0,3.42708,7.8,2.08604,1.00497,detectLogical_PV,subPhysical
105434,106,-1,gamma,22.139,0,9.28565,7.8,0.403712,1.1252,detectLogical_PV,subPhysical
106053,107,-1,gamma,22.139,0,4.10001,7.8,2.19875,1.62802,detectLogical_PV,subPhysical
106496,124,-1,gamma,22.139,0,9.47705,7.4774,2.84635,4.09889,detectLogical_PV,sourcePhysical
107776,109,-1,gamma,22.139,0,7.90931,7.8,-0.0243182,1.04817,detectLogical_PV,subPhysical
108055,108,-1,gamma,22.139,0,3.89522,7.8,1.78852,1.0196,detectLogical_PV,subPhysical
108241,108,-1,gamma,21.9609,0,6.67405,7.8,1.42183,1.05568,detectLogical_PV,sourcePhysical
108774,103,-1,gamma,25.4206,0,5.61714,7.50287,3.85986,0.810154,detectLogical_PV,subPhysical
110015,108,-1,gamma,21.9609,0,10.031,7.49172,2.16354,0.476156,detectLogical_PV,sourcePhysical
110804,132,-1,gamma,22.139,0,10.6471,7.38552,-0.395154,0.656664,detectLogical_PV,subPhysical
111597,123,-1,gamma,21.9609,0,8.00593,7.8,1.50304,0.134134,detectLogical_PV,subPhysical
112419,105,-1,gamma,21.9609,0,4.26311,7.8,2.44732,5.43,detectLogical_PV,subPhysical
112438,104,-1,gamma,24.9205,0,10.6665,7.62446,-0.0354556,1.08874,detectLogical_PV,subPhysical
113039,143,-1,gamma,21.9609,0,10.5562,7.6872,0.933459,1.19618,detectLogical_PV,subPhysical
116167,106,-1,gamma,24.9205,0,10.62,7.40105,0.609465,2.21478,detectLogical_PV,worldPhysical
118450,104,-1,gamma,22.139,0,7.97226,7.8,0.264185,2.97018,detectLogical_PV,sourcePhysical
119089,109,-1,gamma,22.139,0,10.512,7.71162,-1.1016,0.651964,detectLogical_PV,subPhysical
120230,118,-1,gamma,21.9609,0,8.32176,7.60379,-3.64152,2.54784,detectLogical_PV,subPhysical
121475,122,-1,gamma,22.139,0,4.14915,7.8,0.827518,1.42761,detectLogical_PV,worldPhysical
122080,105,-1,gamma,21.9609,0,10.6387,7.38878,0.472397,1.02252,detectLogical_PV,subPhysical
123257,137,-1,gamma,21.0993,0,6.59583,7.79592,3.99937,1.00129,detectLogical_PV,sourcePhysical
124314,135,-1,gamma,22.139,0,9.68863,7.3265,-2.62064,0.0291377,detectLogical_PV,subPhysical
124681,110,-1,gamma,22.139,0,6.75141,7.8,0.691424,0.293233,detectLogical_PV,subPhysical
124961,118,-1,gamma,22.139,0,9.30188,7.73857,-3.00926,5.28123,detectLogical_PV,subPhysical
125920,106,-1,gamma,20.576,0,6.59474,7.8,0.844688,4.79395,detectLogical_PV,sourcePhysical
125995,109,-1,gamma,22.139,0,9.67048,7.8,-0.888026,1.15622,detectLogical_PV,subPhysical
126067,137,-1,gamma,22.139,0,6.23423,7.8,-3.16848,0.107109,detectLogical_PV,subPhysical
126777,108,-1,gamma,22.139,0,3.72298,7.8,-0.736437,1.82052,detectLogical_PV,worldPhysical
127713,106,-1,gamma,24.9205,0,7.75864,7.34666,-3.84806,1.64445,detectLogical_PV,subPhysical
128299,111,-1,gamma,22.139,0,9.82964,7.66944,-2.44859,3.33925,detectLogical_PV,subPhysical
128346,107,-1,gamma,21.9609,0,5.1834,7.8,-3.53169,3.52473,detectLogical_PV,subPhysical
128783,109,-1,gamma,22.139,0,6.73463,7.69317,-3.99942,0.751548,detectLogical_PV,subPhysical
128893,106,-1,gamma,22.139,0,7.64029,7.8,-1.62349,0.551251,detectLogical_PV,subPhysical
129002,109,-1,gamma,21.9609,0,4.69526,7.8,-2.05122,0.0844059,detectLogical_PV,worldPhysical
129688,105,-1,gamma,24.9205,0,5.46351,7.8,-3.27098,0.295645,detectLogical_PV,subPhysical
129826,136,-1,gamma,24.9205,0,8.45387,7.8,3.22749,0.376067,detectLogical_PV,subPhysical
130766,107,-1,gamma,20.7606,0,5.40338,7.8,3.57563,2.33475,detectLogical_PV,subPhysical
132838,107,-1,gamma,21.9609,0,10.6656,7.50372,-0.0943184,0.37304,detectLogical_PV,sourcePhysical
133684,105,-1,gamma,21.1303,0,5.48731,7.8,0.795763,0.853798,detectLogical_PV,sourcePhysical
135293,106,-1,gamma,24.9205,0,7.19922,7.63737,-3.96439,1.04911,detectLogical_PV,subPhysical
135537,108,-1,gamma,22.139,0,10.6263,7.63594,0.567162,0.954201,detectLogical_PV,subPhysical
136149,138,-1,gamma,22.139,0,7.32562,7.67831,3.94535,1.27399,detectLogical_PV,sourcePhysical
137115,123,-1,gamma,24.9205,0,8.80249,7.62843,3.38205,0.622469,detectLogical_PV,sourcePhysical
137779,106,-1,gamma,24.9205,0,3.29507,7.8,-2.12729,4.55106,detectLogical_PV,subPhysical
139913,108,-1,gamma,22.139,0,3.5111,7.8,-0.324759,2.1655,detectLogical_PV,sourcePhysical
140715,111,-1,gamma,22.139,0,10.6666,7.79838,0.0152945,2.46919,detectLogical_PV,subPhysical
140891,121,-1,gamma,22.139,0,8.61983,7.39282,-3.49073,0.236227,detectLogical_PV,sourcePhysical
142198,110,-1,gamma,22.139,0,9.66643,7.5598,-2.64602,0.0823857,detectLogical_PV,subPhysical
142623,108,-1,gamma,22.139,0,6.89142,7.8,0.0263045,1.63226,detectLogical_PV,subPhysical
143159,149,-1,e-,9.23031,9.79283e-22,5.53037,7.8,-0.278678,2.05879,detectLogical_PV,sddCaseLogical_PV
143195,107,-1,gamma,21.9609,0,6.36794,7.8,3.19695,1.41758,detectLogical_PV,subPhysical
144506,135,-1,gamma,20.3233,0,9.74149,7.8,0.478396,0.622552,detectLogical_PV,sourcePhysical
145061,106,-1,gamma,21.9609,0,9.23282,7.31236,-3.06837,4.00205,detectLogical_PV,sourcePhysical
146680,104,-1,gamma,22.139,0,4.98115,7.8,-0.517403,1.17841,detectLogical_PV,subPhysical
146753,109,-1,gamma,21.9609,0,10.465,7.37268,-1.25395,2.10195,detectLogical_PV,sourcePhysical
146833,134,-1,gamma,21.9609,0,9.18656,7.8,0.78704,0.587295,detectLogical_PV,subPhysical
149807,109,-1,gamma,21.3908,0,4.5565,7.8,3.22519,1.86883,detectLogical_PV,subPhysical
150380,106,-1,gamma,22.139,0,6.94904,7.8,-1.57259,0.936937,detectLogical_PV,sourcePhysical
150856,109,-1,gamma,22.139,0,2.9901,7.8,-1.22825,2.5,detectLogical_PV,subPhysical
151351,106,-1,gamma,24.9205,0,2.90339,7.8,0.391937,2.32422,detectLogical_PV,subPhysical
151998,133,-1,gamma,20.5461,0,5.66858,7.32684,3.87348,0.803404,detectLogical_PV,sourcePhysical
156805,141,-1,gamma,22.139,0,10.0234,7.77905,2.17538,1.10811,detectLogical_PV,subPhysical
157608,107,-1,gamma,22.139,0,8.72605,7.67278,-3.42913,0.331905,detectLogical_PV,subPhysical
159005,140,-1,gamma,22.139,0,10.571,7.59791,0.869607,2.64771,detectLogical_PV,subPhysical
159927,123,-1,gamma,22.139,0,5.86836,7.8,-0.971913,0.741241,detectLogical_PV,sourcePhysical
160751,126,-1,gamma,21.9609,0,3.89041,7.8,2.56224,8.66938,detectLogical_PV,subPhysical
161084,104,-1,gamma,21.5592,0,9.499,7.4781,2.82452,0.650768,detectLogical_PV,subPhysical
162117,134,-1,gamma,22.139,0,6.41582,7.3277,-3.99213,0.10842,detectLogical_PV,subPhysical
164900,143,-1,gamma,22.139,0,6.5698,7.8,2.95704,1.87293,detectLogical_PV,subPhysical
166729,115,-1,gamma,21.9609,0,3.80681,7.8,1.52837,2.25774,detectLogical_PV,sourcePhysical
166953,132,-1,gamma,21.4794,0,8.16739,7.8,-0.175468,0.659356,detectLogical_PV,sourcePhysical
167452,129,-1,gamma,21.9609,0,9.08165,7.72061,-3.18871,0.0251777,detectLogical_PV,subPhysical
168408,112,-1,gamma,21.9609,0,2.92055,7.8,1.3284,2.89482,detectLogical_PV,subPhysical
169458,108,-1,gamma,21.9609,0,8.35812,7.57109,-3.62478,0.985292,detectLogical_PV,sourcePhysical
169807,138,-1,gamma,21.9609,0,4.27273,7.8,-1.81904,0.48914,detectLogical_PV,subPhysical
171429,115,-1,gamma,24.9205,0,8.91861,7.8,1.3168,1.27212,detectLogical_PV,subPhysical
172723,139,-1,gamma,21.9609,0,4.78616,7.8,2.84321,2.31265,detectLogical_PV,sourcePhysical
174216,122,-1,gamma,22.139,0,6.22546,7.42147,-3.97559,3.25209,detectLogical_PV,subPhysical
176411,119,-1,gamma,21.9609,0,4.27711,7.8,2.92975,0.136519,detectLogical_PV,worldPhysical
176879,111,-1,gamma,21.9609,0,6.09577,7.8,3.20556,1.32537,detectLogical_PV,subPhysical
177171,120,-1,gamma,22.139,0,10.4524,7.8,-0.393639,1.10022,detectLogical_PV,worldPhysical
177602,109,-1,gamma,22.139,0,2.93127,7.8,0.148069,2.19011,detectLogical_PV,subPhysical
177915,111,-1,gamma,22.139,0,6.65895,7.8,-2.67019,0.937258,detectLogical_PV,subPhysical
178383,109,-1,gamma,22.139,0,6.01533,7.8,-2.26814,0.436023,detectLogical_PV,subPhysical
178582,107,-1,gamma,22.139,0,6.94047,7.8,0.866115,1.60991,detectLogical_PV,subPhysical
178684,106,-1,gamma,22.139,0,4.30007,7.8,1.746,0.832862,detectLogical_PV,sourcePhysical
180521,128,-1,gamma,24.8888,0,7.9938,7.8,0.363653,2.80971,detectLogical_PV,subPhysical
181190,107,-1,gamma,22.139,0,9.58468,7.69825,2.73591,1.12486,detectLogical_PV,subPhysical
182004,134,-1,gamma,21.9609,0,7.42297,7.8,-3.60538,0.484613,detectLogical_PV,subPhysical
182490,105,-1,gamma,22.139,0,7.29052,7.3,-1.21678,5.689,detectLogical_PV,subPhysical
185713,138,-1,gamma,22.139,0,8.42945,7.8,-3.34044,3.1138,detectLogical_PV,sourcePhysical
188114,148,-1,gamma,22.139,0,10.3425,7.70001,-1.57742,0.515407,detectLogical_PV,subPhysical
188491,116,-1,gamma,22.139,0,7.90424,7.8,-0.278487,0.177614,detectLogical_PV,subPhysical
188557,136,-1,gamma,22.139,0,7.86117,7.8,-1.9035,1.11407,detectLogical_PV,sourcePhysical
190047,110,-1,gamma,20.5594,0,4.26911,7.8,2.41789,0.392204,detectLogical_PV,sourcePhysical
191771,120,-1,gamma,22.139,0,3.28878,7.8,-1.84701,1.05256,detectLogical_PV,subPhysical
192356,135,-1,gamma,22.139,0,4.20009,7.8,-1.02533,0.273631,detectLogical_PV,subPhysical
192424,104,-1,gamma,22.139,0,5.80419,7.8,3.70951,0.369836,detectLogical_PV,sourcePhysical
192787,120,-1,gamma,22.139,0,6.39583,7.8,-2.06686,0.719438,detectLogical_PV,subPhysical
193573,105,-1,gamma,22.139,0,6.86939,7.8,-2.96323,2.34661,detectLogical_PV,worldPhysical
196217,125,-1,gamma,21.9609,0,7.09678,7.48282,-3.97681,7.54319,detectLogical_PV,subPhysical
197059,111,-1,gamma,22.139,0,6.1638,7.8,0.958137,0.445171,detectLogical_PV,subPhysical
197402,104,-1,gamma,22.139,0,9.67481,7.3182,-2.63649,0.524474,detectLogical_PV,subPhysical
197618,105,-1,gamma,21.9609,0,9.49762,7.8,0.710161,0.553446,detectLogical_PV,subPhysical
200088,120,-1,gamma,21.9609,0,10.6555,7.35079,-0.298232,2.16718,detectLogical_PV,sourcePhysical
200576,122,-1,gamma,22.139,0,8.44914,7.38249,3.58089,1.5301,detectLogical_PV,sourcePhysical
200903,110,-1,gamma,22.139,0,7.37433,7.8,-3.51283,1.34478,detectLogical_PV,subPhysical
201666,108,-1,gamma,22.139,0,10.4031,7.48028,-1.42807,0.302297,detectLogical_PV,sourcePhysical
201815,106,-1,gamma,24.9205,0,10.565,7.74328,-0.896003,1.87969,detectLogical_PV,subPhysical
201984,140,-1,gamma,21.9609,0,7.93942,7.8,3.06735,0.975393,detectLogical_PV,sourcePhysical
202429,139,-1,gamma,20.6231,0,4.8192,7.8,-0.0591423,1.38001,detectLogical_PV,sourcePhysical
203258,131,-1,gamma,20.6033,0,6.84138,7.8,3.50257,6.42451,detectLogical_PV,sourcePhysical
203475,129,-1,gamma,24.8888,0,10.4012,7.73992,-1.43293,0.23923,detectLogical_PV,subPhysical
203682,110,-1,gamma,22.139,0,3.84592,7.8,-0.247435,2.31742,detectLogical_PV,worldPhysical
204136,105,-1,gamma,24.9205,0,3.1318,7.8,-1.70506,0.376972,detectLogical_PV,subPhysical
204386,113,-1,gamma,22.139,0,5.47059,7.8,-3.75846,0.524612,detectLogical_PV,subPhysical
205612,135,-1,gamma,22.139,0,8.23121,7.54503,3.68133,0.156421,detectLogical_PV,subPhysical
207486,105,-1,gamma,21.9609,0,4.14681,7.8,-1.95487,1.45435,detectLogical_PV,subPhysical
207685,110,-1,gamma,20.5053,0,4.8902,7.8,-3.16728,2.35099,detectLogical_PV,sourcePhysical
207718,114,-1,gamma,22.139,0,2.79658,7.8,-0.685169,5.17838,detectLogical_PV,worldPhysical
207737,141,-1,gamma,21.9609,0,9.776,7.63312,2.51635,1.59973,detectLogical_PV,worldPhysical
207763,127,-1,gamma,21.9609,0,8.68134,7.8,0.787808,2.60632,detectLogical_PV,subPhysical
210070,108,-1,gamma,22.139,0,10.4674,7.8,0.570156,1.74839,detectLogical_PV,subPhysical
210313,105,-1,gamma,21.9609,0,7.47608,7.8,-0.965922,0.970873,detectLogical_PV,subPhysical
210372,136,-1,gamma,22.139,0,3.94769,7.8,0.773414,0.0393886,detectLogical_PV,sourcePhysical
211351,106,-1,gamma,22.139,0,5.77512,7.8,0.295855,1.47974,detectLogical_PV,subPhysical
212239,122,-1,gamma,22.139,0,7.94517,7.79061,-3.79018,0.546419,detectLogical_PV,subPhysical
212492,109,-1,gamma,22.139,0,10.1559,7.42863,1.9559,6.01027,detectLogical_PV,sourcePhysical
212492,116,-1,gamma,22.139,0,10.4066,7.50791,-1.41865,0.631452,detectLogical_PV,sourcePhysical
213542,105,-1,gamma,24.9205,0,7.07051,7.8,-0.00381911,0.097129,detectLogical_PV,subPhysical
215991,111,-1,gamma,22.139,0,4.53964,7.8,0.504457,0.423287,detectLogical_PV,subPhysical
216087,136,-1,gamma,22.139,0,3.57858,7.8,1.78288,2.61928,detectLogical_PV,subPhysical
216137,106,-1,gamma,22.139,0,4.48061,7.8,-1.05226,1.2816,detectLogical_PV,subPhysical
216379,147,-1,gamma,22.139,0,6.64333,7.41832,-3.99993,3.05029,detectLogical_PV,subPhysical
216832,107,-1,gamma,24.9205,0,10.5784,7.42972,0.835472,0.582546,detectLogical_PV,subPhysical
217000,133,-1,gamma,24.9205,0,2.88551,7.8,-0.482406,0.237529,detectLogical_PV,subPhysical
217791,141,-1,gamma,21.0832,0,9.80008,7.8,-0.0878294,0.802955,detectLogical_PV,sourcePhysical
217913,118,-1,gamma,24.9205,0,5.98297,7.8,-2.80094,0.17468,detectLogical_PV,worldPhysical
217915,137,-1,gamma,24.8888,0,3.25639,7.8,0.0787806,1.07372,detectLogical_PV,subPhysical
221394,118,-1,gamma,24.9205,0,6.52734,7.8,3.27803,5.659,detectLogical_PV,subPhysical
221682,110,-1,gamma,20.2512,0,5.40707,7.8,-1.72284,10.7362,detectLogical_PV,sourcePhysical
222798,105,-1,gamma,22.139,0,4.53887,7.8,2.95427,0.930265,detectLogical_PV,subPhysical
223645,108,-1,gamma,22.139,0,3.66832,7.8,-0.559313,4.78776,detectLogical_PV,subPhysical
224061,104,-1,gamma,24.9205,0,9.96154,7.73959,-2.26799,1.02293,detectLogical_PV,subPhysical
224560,104,-1,gamma,21.7195,0,2.94912,7.8,1.00206,5.80638,detectLogical_PV,sourcePhysical
225418,106,-1,gamma,20.4849,0,3.59247,7.8,0.28993,1.57728,detectLogical_PV,sourcePhysical
226181,105,-1,gamma,22.139,0,7.20477,7.8,0.353829,0.943705,detectLogical_PV,subPhysical
226906,106,-1,gamma,21.9609,0,4.92983,7.8,-1.6494,8.8704,detectLogical_PV,worldPhysical
228132,115,-1,gamma,21.9609,0,9.64149,7.8,-1.34567,5.65445,detectLogical_PV,subPhysical
229211,147,-1,gamma,24.9205,0,8.82165,7.32314,3.36988,0.00121195,detectLogical_PV,subPhysical
229557,119,-1,gamma,22.139,0,9.96358,7.46132,-2.26502,1.74529,detectLogical_PV,subPhysical
230181,116,-1,gamma,22.139,0,10.4009,7.62818,1.43364,0.592092,detectLogical_PV,sourcePhysical
230908,123,-1,gamma,24.9205,0,7.76286,7.8,-2.02823,0.995919,detectLogical_PV,subPhysical
233142,132,-1,gamma,24.9205,0,2.85673,7.8,-0.145267,1.54758,detectLogical_PV,subPhysical
233637,130,-1,gamma,20.7725,0,6.30509,7.8,2.02655,0.874195,detectLogical_PV,sourcePhysical
233818,133,-1,gamma,22.139,0,3.09135,7.8,0.647752,0.85313,detectLogical_PV,subPhysical
234193,106,-1,gamma,21.1528,0,3.12276,7.8,-0.572847,0.309907,detectLogical_PV,sourcePhysical
235243,105,-1,gamma,22.139,0,4.31639,7.8,0.725768,3.10256,detectLogical_PV,subPhysical
235323,115,-1,gamma,22.139,0,4.40279,7.8,-1.3026,5.06049,detectLogical_PV,subPhysical
236824,132,-1,gamma,22.139,0,9.32127,7.8,2.31875,0.0498932,detectLogical_PV,subPhysical
237867,110,-1,gamma,22.139,0,3.07331,7.8,0.634826,0.322041,detectLogical_PV,subPhysical
238115,108,-1,gamma,22.139,0,9.15311,7.56063,-3.13331,2.24643,detectLogical_PV,subPhysical
238430,107,-1,gamma,22.139,0,10.3439,7.33765,-1.57408,3.18501,detectLogical_PV,subPhysical
238730,107,-1,gamma,22.139,0,10.2274,7.64854,-1.8224,0.607577,detectLogical_PV,subPhysical
239099,136,-1,gamma,19.4739,0,8.25321,7.8,-0.690223,2.0233,detectLogical_PV,sourcePhysical
241446,110,-1,gamma,22.139,0,10.4864,7.61195,-1.18732,1.50002,detectLogical_PV,worldPhysical
241617,120,-1,gamma,22.139,0,8.09943,7.55512,3.73459,3.58005,detectLogical_PV,sourcePhysical
242087,125,-1,gamma,22.139,0,3.28672,7.8,-0.984413,0.383102,detectLogical_PV,subPhysical
242942,106,-1,gamma,22.139,0,5.77505,7.8,-2.85852,3.41474,detectLogical_PV,subPhysical
243155,105,-1,gamma,22.139,0,3.16329,7.8,-1.57972,0.0810343,detectLogical_PV,subPhysical
243969,109,-1,gamma,21.9609,0,5.68403,7.8,-1.49726,0.493827,detectLogical_PV,subPhysical
244090,117,-1,gamma,24.8888,0,6.7079,7.8,-3.94411,0.147893,detectLogical_PV,subPhysical
244449,105,-1,gamma,24.9205,0,7.90866,7.8,1.81658,1.24831,detectLogical_PV,subPhysical
245749,121,-1,gamma,21.9609,0,4.07685,7.8,-3.04311,3.51567,detectLogical_PV,subPhysical
247851,121,-1,gamma,24.8888,0,10.6631,7.60522,-0.167848,1.51825,detectLogical_PV,subPhysical
247878,128,-1,gamma,21.9609,0,4.15085,7.8,1.06481,2.02914,detectLogical_PV,sourcePhysical
249200,139,-1,gamma,21.9609,0,3.98233,7.8,-2.27641,1.59148,detectLogical_PV,worldPhysical
249623,111,-1,gamma,22.139,0,3.31705,7.8,1.38593,1.79732,detectLogical_PV,subPhysical
250402,105,-1,gamma,24.9205,0,8.63325,7.8,3.38996,0.35195,detectLogical_PV,subPhysical
250592,133,-1,gamma,22.139,0,9.40069,7.3794,2.91978,5.37567,detectLogical_PV,subPhysical
250996,132,-1,gamma,25.4259,0,10.4938,7.35817,1.16336,1.24713,detectLogical_PV,subPhysical
251830,135,-1,gamma,23.5028,0,8.6578,7.8,-2.86864,2.01193,detectLogical_PV,sourcePhysical
253314,113,-1,gamma,21.9609,0,3.18935,7.8,1.11754,3.29904,detectLogical_PV,sourcePhysical
253602,143,-1,gamma,21.9609,0,8.20847,7.8,-1.63173,3.24862,detectLogical_PV,subPhysical
253616,111,-1,gamma,22.139,0,3.11349,7.8,-0.441038,0.419607,detectLogical_PV,subPhysical
254712,110,-1,gamma,22.139,0,10.6627,7.45702,0.179184,1.76489,detectLogical_PV,subPhysical
255774,134,-1,gamma,21.9609,0,3.07639,7.8,0.348381,1.75328,detectLogical_PV,subPhysical
257370,111,-1,gamma,21.2841,0,9.46769,7.8,1.7783,0.141424,detectLogical_PV,sourcePhysical
260079,108,-1,gamma,21.9609,0,4.41573,7.8,-1.07951,2.23512,detectLogical_PV,subPhysical
260355,140,-1,gamma,22.139,0,3.59416,7.8,1.6288,0.38507,detectLogical_PV,subPhysical
260420,115,-1,gamma,21.9609,0,5.98453,7.8,-0.988684,0.218212,detectLogical_PV,worldPhysical
260526,141,-1,gamma,22.139,0,3.9457,7.8,1.07175,1.10694,detectLogical_PV,subPhysical
261096,135,-1,gamma,22.139,0,2.69817,7.8,0.292231,1.15224,detectLogical_PV,sourcePhysical
261247,108,-1,gamma,22.139,0,4.90247,7.8,1.56693,1.17979,detectLogical_PV,subPhysical
262355,107,-1,gamma,24.9205,0,4.39591,7.8,-0.380322,1.74313,detectLogical_PV,sourcePhysical
262603,126,-1,gamma,22.139,0,6.50135,7.8,3.0644,1.44476,detectLogical_PV,sourcePhysical
263959,106,-1,gamma,22.139,0,3.42473,7.8,-0.552527,0.0459571,detectLogical_PV,subPhysical
265374,104,-1,gamma,21.9609,0,4.05949,7.8,-0.340714,0.568832,detectLogical_PV,subPhysical
265681,123,-1,gamma,21.5853,0,5.678,7.35312,-3.87589,2.80137,detectLogical_PV,sourcePhysical
266134,106,-1,gamma,22.139,0,10.5082,7.61797,1.11467,1.91435,detectLogical_PV,subPhysical
266535,120,-1,gamma,22.139,0,7.28435,7.39883,-3.95202,1.49229,detectLogical_PV,worldPhysical
267798,133,-1,gamma,21.9609,0,4.77063,7.8,-1.55361,2.23087,detectLogical_PV,subPhysical
267903,103,-1,gamma,25.4259,0,8.46065,7.8,-3.39321,0.273396,detectLogical_PV,subPhysical
269090,114,-1,gamma,21.9609,0,10.1789,7.39346,-1.91414,1.7363,detectLogical_PV,subPhysical
269668,131,-1,gamma,22.139,0,10.6583,7.42571,0.258933,3.6551,detectLogical_PV,subPhysical
270046,113,-1,gamma,22.139,0,4.36161,7.8,2.18514,0.798803,detectLogical_PV,subPhysical
270282,133,-1,gamma,21.9609,0,5.89412,7.8,2.27478,0.11933,detectLogical_PV,subPhysical
270443,105,-1,gamma,24.8888,0,8.14451,7.57164,3.71698,2.04801,detectLogical_PV,subPhysical
272978,105,-1,gamma,22.139,0,6.78837,7.77078,-3.99815,2.13953,detectLogical_PV,sourcePhysical
273687,108,-1,gamma,22.139,0,10.2164,7.75414,1.84374,0.000233505,detectLogical_PV,subPhysical
274240,106,-1,gamma,22.139,0,4.64072,7.8,0.504132,3.96395,detectLogical_PV,subPhysical
276242,131,-1,gamma,24.9205,0,6.95421,7.8,2.30417,0.687185,detectLogical_PV,subPhysical
277655,103,-1,gamma,25.4206,0,7.46503,7.67875,-3.91952,2.41307,detectLogical_PV,subPhysical
278336,115,-1,gamma,24.9205,0,3.41027,7.8,2.13657,0.214113,detectLogical_PV,sourcePhysical
279193,107,-1,gamma,21.9609,0,3.29554,7.8,-1.87828,1.7554,detectLogical_PV,subPhysical
279562,112,-1,gamma,22.139,0,5.66871,7.8,3.00324,0.628763,detectLogical_PV,subPhysical
280617,146,-1,gamma,21.9609,0,3.01268,7.8,1.1098,8.63044,detectLogical_PV,sourcePhysical
280848,105,-1,gamma,22.139,0,5.3907,7.8,1.21035,3.28592,detectLogical_PV,subPhysical
281398,113,-1,gamma,22.139,0,4.05023,7.8,0.957686,1.33135,detectLogical_PV,worldPhysical
285270,108,-1,gamma,21.9609,0,9.29051,7.8,-0.156585,0.426261,detectLogical_PV,subPhysical
286233,113,-1,gamma,22.139,0,10.0937,7.568,2.06288,0.249528,detectLogical_PV,sourcePhysical
286605,107,-1,gamma,22.139,0,10.3632,7.8,1.39175,1.52582,detectLogical_PV,subPhysical
287055,108,-1,gamma,22.139,0,9.34395,7.8,2.06026,4.29803,detectLogical_PV,subPhysical
287651,122,-1,gamma,22.9644,0,9.56491,7.43121,2.75685,1.30966,detectLogical_PV,subPhysical
287924,107,-1,gamma,21.9609,0,7.12642,7.8,-0.995359,2.27542,detectLogical_PV,subPhysical
288508,108,-1,gamma,22.139,0,4.02573,7.8,0.457199,0.458895,detectLogical_PV,subPhysical
290085,120,-1,gamma,22.139,0,4.09245,7.8,-0.854499,4.10462,detectLogical_PV,subPhysical
290791,106,-1,gamma,22.139,0,3.84797,7.8,0.453519,0.354784,detectLogical_PV,sourcePhysical
290986,105,-1,gamma,24.8888,0,8.27057,7.72483,3.66435,2.55987,detectLogical_PV,subPhysical
292725,135,-1,gamma,22.139,0,4.6793,7.8,2.05596,1.26084,detectLogical_PV,subPhysical
293967,109,-1,gamma,22.139,0,3.83394,7.8,2.69568,5.31812,detectLogical_PV,subPhysical
296176,132,-1,gamma,24.9205,0,6.42069,7.8,2.39384,2.40434,detectLogical_PV,worldPhysical
297010,103,-1,gamma,25.4259,0,9.97707,7.41333,-2.24527,5.30637,detectLogical_PV,subPhysical
298216,108,-1,gamma,22.139,0,5.34141,7.8,0.801432,4.04688,detectLogical_PV,subPhysical
298548,132,-1,gamma,22.139,0,7.79281,7.8,-1.94075,0.75063,detectLogical_PV,subPhysical
299056,137,-1,gamma,24.9205,0,6.1271,7.8,-0.146403,0.7144,detectLogical_PV,subPhysical
302749,108,-1,gamma,22.139,0,7.80499,7.73081,3.83461,2.69465,detectLogical_PV,subPhysical
303189,140,-1,gamma,1.71983,0,7.28013,7.8,0.707617,0.247027,detectLogical_PV,NA
303757,109,-1,gamma,21.9609,0,9.99144,7.41607,2.22394,2.1076,detectLogical_PV,subPhysical
304121,123,-1,gamma,24.9205,0,3.92519,7.8,-2.19244,0.57733,detectLogical_PV,sourcePhysical
304246,113,-1,gamma,21.9609,0,10.2027,7.62669,-1.86996,3.13982,detectLogical_PV,subPhysical
305659,109,-1,gamma,21.9609,0,4.26279,7.8,2.59054,1.09644,detectLogical_PV,subPhysical
305943,108,-1,gamma,22.139,0,10.2195,7.8,0.313963,2.75182,detectLogical_PV,subPhysical
306072,105,-1,gamma,24.9205,0,3.4255,7.8,-2.22578,0.345674,detectLogical_PV,subPhysical
306152,127,-1,gamma,24.9205,0,10.3278,7.50305,-1.61122,0.155163,detectLogical_PV,subPhysical
307099,106,-1,gamma,22.139,0,8.8981,7.54023,-3.31974,0.535531,detectLogical_PV,subPhysical
307465,107,-1,gamma,20.0253,0,3.53293,7.8,0.627653,2.48916,detectLogical_PV,sourcePhysical
307541,135,-1,gamma,22.139,0,9.98496,7.36201,2.23359,0.137934,detectLogical_PV,subPhysical
308026,125,-1,gamma,22.139,0,3.93418,7.8,0.196572,0.540099,detectLogical_PV,subPhysical
308675,132,-1,gamma,22.139,0,10.6645,7.65745,-0.132678,10.4367,detectLogical_PV,subPhysical
308838,126,-1,gamma,21.9391,0,5.8017,7.8,-3.56196,4.35905,detectLogical_PV,sourcePhysical
309351,118,-1,gamma,22.139,0,7.25806,7.8,2.66176,4.33369,detectLogical_PV,subPhysical
311028,131,-1,gamma,21.9609,0,7.41813,7.8,1.88737,0.0934061,detectLogical_PV,sourcePhysical
311054,103,-1,gamma,25.4259,0,3.25228,7.8,-1.20471,0.734781,detectLogical_PV,sourcePhysical
311204,105,-1,gamma,22.139,0,7.75763,7.8,2.2469,1.09313,detectLogical_PV,subPhysical
312365,106,-1,gamma,24.8888,0,4.38075,7.8,-3.12405,0.755736,detectLogical_PV,subPhysical
312545,106,-1,gamma,21.9609,0,7.62691,7.8,1.14382,7.43212,detectLogical_PV,sourcePhysical
312820,105,-1,gamma,24.8888,0,4.82654,7.8,-3.35598,2.26571,detectLogical_PV,subPhysical
313369,107,-1,gamma,22.139,0,10.0056,7.3672,-2.20269,3.90072,detectLogical_PV,subPhysical
313528,107,-1,gamma,20.4573,0,7.79292,7.8,3.1639,0.325156,detectLogical_PV,sourcePhysical
315513,105,-1,gamma,24.9205,0,5.7989,7.45355,3.90474,2.56471,detectLogical_PV,subPhysical
315575,131,-1,gamma,24.8888,0,4.49276,7.8,-0.102046,1.83158,detectLogical_PV,subPhysical
316942,134,-1,gamma,24.8888,0,10.5695,7.47679,-0.876192,2.92223,detectLogical_PV,subPhysical
317258,130,-1,gamma,21.9609,0,8.40278,7.8,-2.96808,0.285258,detectLogical_PV,sourcePhysical
318213,113,-1,gamma,21.9609,0,9.50119,7.42785,2.82231,0.87704,detectLogical_PV,subPhysical
319759,107,-1,gamma,21.9609,0,10.6456,7.63464,0.409626,1.31027,detectLogical_PV,subPhysical
320374,108,-1,gamma,22.139,0,8.7957,7.8,-0.763176,2.3899,detectLogical_PV,subPhysical
323640,125,-1,gamma,24.8888,0,9.89151,7.37847,-2.36651,0.0370533,detectLogical_PV,subPhysical
327678,119,-1,gamma,22.139,0,2.85368,7.8,1.04218,1.37002,detectLogical_PV,sourcePhysical
327881,107,-1,gamma,22.139,0,10.2807,7.48974,-1.71433,2.71183,detectLogical_PV,subPhysical
328815,107,-1,gamma,22.139,0,3.87599,7.8,-1.95409,3.77896,detectLogical_PV,subPhysical
328992,109,-1,gamma,21.9609,0,4.36092,7.8,0.597389,1.15384,detectLogical_PV,subPhysical
330377,120,-1,gamma,22.139,0,9.14129,7.75527,3.14265,2.95765,detectLogical_PV,subPhysical
331773,137,-1,gamma,20.8931,0,10.0459,7.8,0.436502,0.585993,detectLogical_PV,worldPhysical
333373,107,-1,gamma,21.9609,0,3.48461,7.8,1.86603,2.63289,detectLogical_PV,sourcePhysical
334114,120,-1,gamma,24.8888,0,3.68925,7.8,-1.17698,4.05389,detectLogical_PV,subPhysical
334825,143,-1,gamma,21.9609,0,4.90344,7.8,-2.35805,2.59319,detectLogical_PV,sourcePhysical
335290,106,-1,gamma,21.9609,0,6.6374,7.8,1.07221,2.36612,detectLogical_PV,subPhysical
338674,106,-1,gamma,24.9205,0,9.89633,7.40439,2.35993,0.845225,detectLogical_PV,subPhysical
338837,107,-1,gamma,22.139,0,4.25994,7.8,0.518117,2.1341,detectLogical_PV,subPhysical
339254,108,-1,gamma,22.139,0,8.98092,7.60232,-3.26255,0.673339,detectLogical_PV,subPhysical
339766,103,-1,gamma,21.9609,0,3.68564,7.8,0.980092,1.31519,detectLogical_PV,subPhysical
341892,111,-1,gamma,21.9609,0,5.80321,7.8,0.397887,0.668751,detectLogical_PV,subPhysical
341936,107,-1,gamma,22.139,0,4.31133,7.8,0.886019,0.635252,detectLogical_PV,sourcePhysical
342294,132,-1,gamma,21.9609,0,7.51546,7.8,1.78066,0.159319,detectLogical_PV,sourcePhysical
343083,108,-1,gamma,22.139,0,9.41375,7.71985,-2.9075,9.38436,detectLogical_PV,subPhysical
343711,135,-1,gamma,22.139,0,7.11005,7.8,-0.0897961,0.486793,detectLogical_PV,worldPhysical
344535,107,-1,gamma,21.9609,0,9.00076,7.60227,3.24839,3.23637,detectLogical_PV,sourcePhysical
345388,138,-1,gamma,22.139,0,5.28985,7.8,-2.02901,0.184578,detectLogical_PV,subPhysical
348096,107,-1,gamma,21.9609,0,7.38102,7.8,-1.70777,0.00349785,detectLogical_PV,subPhysical
350632,141,-1,gamma,21.9609,0,5.46784,7.8,-0.0752187,0.0635591,detectLogical_PV,worldPhysical
352771,143,-1,gamma,21.9609,0,4.96086,7.8,-0.262041,0.42108,detectLogical_PV,sourcePhysical
353125,104,-1,gamma,22.139,0,8.9707,7.7866,3.26977,2.17239,detectLogical_PV,subPhysical
356150,108,-1,gamma,20.8679,0,10.0857,7.8,-0.630442,0.468226,detectLogical_PV,sourcePhysical
356774,106,-1,gamma,24.9205,0,6.86696,7.8,-1.95444,5.23043,detectLogical_PV,subPhysical
357041,106,-1,gamma,22.139,0,10.197,7.8,1.64247,1.36189,detectLogical_PV,subPhysical
358568,122,-1,gamma,21.9609,0,3.48289,7.8,-0.739849,0.443503,detectLogical_PV,subPhysical
358618,136,-1,gamma,20.5128,0,7.09686,7.8,-0.653217,0.906173,detectLogical_PV,sourcePhysical
359311,110,-1,gamma,21.9609,0,10.6133,7.8,-0.188774,2.50331,detectLogical_PV,subPhysical
359745,109,-1,gamma,22.139,0,10.2346,7.59864,-1.80831,4.20732,detectLogical_PV,subPhysical
359942,144,-1,gamma,21.9609,0,10.5069,7.45629,-1.11929,6.38557,detectLogical_PV,subPhysical
364836,143,-1,gamma,21.1787,0,9.7172,7.33034,2.58732,1.80503,detectLogical_PV,sourcePhysical
365278,110,-1,gamma,22.139,0,4.91179,7.8,1.54789,0.411614,detectLogical_PV,subPhysical
366330,124,-1,gamma,20.4195,0,6.0459,7.8,-0.95747,2.736,detectLogical_PV,sourcePhysical
366436,106,-1,gamma,21.9609,0,4.5976,7.8,1.63834,6.99103,detectLogical_PV,sourcePhysical
368603,106,-1,gamma,22.139,0,6.36125,7.8,2.82634,0.460224,detectLogical_PV,subPhysical
368947,105,-1,gamma,24.9205,0,3.76314,7.8,-1.44075,3.35974,detectLogical_PV,subPhysical
371078,109,-1,gamma,22.139,0,4.19716,7.8,-1.05381,0.628437,detectLogical_PV,worldPhysical
372272,118,-1,gamma,24.9205,0,9.31355,7.78164,2.99901,6.93105,detectLogical_PV,worldPhysical
372473,110,-1,gamma,22.139,0,4.51251,7.8,2.37992,1.08275,detectLogical_PV,subPhysical
372813,105,-1,gamma,24.9205,0,9.59163,7.4791,2.72848,7.28704,detectLogical_PV,subPhysical
374656,108,-1,gamma,22.139,0,6.66389,7.43742,4,4.08238,detectLogical_PV,subPhysical
376814,107,-1,gamma,21.4793,0,8.88052,7.8,-3.25168,3.64475,detectLogical_PV,sourcePhysical
376864,136,-1,gamma,24.8888,0,5.63113,7.8,2.73522,0.23193,detectLogical_PV,subPhysical
378110,117,-1,gamma,22.139,0,4.36746,7.8,-0.329105,0.699349,detectLogical_PV,worldPhysical
379651,138,-1,gamma,24.9205,0,8.82667,7.75558,-3.36666,0.339348,detectLogical_PV,subPhysical
380846,136,-1,gamma,22.139,0,3.07639,7.8,-1.4502,1.53659,detectLogical_PV,worldPhysical
381244,107,-1,gamma,22.139,0,5.88487,7.8,-1.18696,0.125441,detectLogical_PV,subPhysical
381761,114,-1,gamma,24.9205,0,6.83812,7.8,1.80156,3.28172,detectLogical_PV,sourcePhysical
381924,110,-1,gamma,21.9609,0,10.0068,7.33322,-2.20086,4.17155,detectLogical_PV,subPhysical
382275,132,-1,gamma,21.9609,0,4.40639,7.8,0.620896,0.40752,detectLogical_PV,subPhysical
385198,120,-1,gamma,24.9205,0,7.57572,7.8,-2.46275,0.5051,detectLogical_PV,subPhysical
386202,107,-1,gamma,22.139,0,10.6007,7.73153,0.723716,0.596705,detectLogical_PV,subPhysical
388157,137,-1,gamma,19.979,0,4.39503,7.8,0.875785,6.8984,detectLogical_PV,sourcePhysical
389415,120,-1,gamma,22.139,0,9.41807,7.8,2.10737,2.73182,detectLogical_PV,subPhysical
389503,108,-1,gamma,21.9609,0,10.0733,7.43471,-2.09636,0.0720288,detectLogical_PV,worldPhysical
389691,117,-1,gamma,22.139,0,4.34986,7.8,2.06454,3.46851,detectLogical_PV,sourcePhysical
389706,108,-1,gamma,20.3426,0,8.4878,7.8,-2.76676,6.95429,detectLogical_PV,sourcePhysical
389756,131,-1,gamma,24.9205,0,3.5126,7.8,1.89064,0.567164,detectLogical_PV,subPhysical
390575,106,-1,gamma,24.8888,0,9.43824,7.8,1.84199,0.511707,detectLogical_PV,sourcePhysical
390680,141,-1,gamma,22.139,0,10.4319,7.35332,-1.35018,4.02036,detectLogical_PV,subPhysical
390750,133,-1,gamma,22.139,0,3.08048,7.8,-0.732059,0.428939,detectLogical_PV,sourcePhysical
391113,105,-1,gamma,22.139,0,8.92496,7.58579,3.30153,4.12773,detectLogical_PV,sourcePhysical
391623,122,-1,gamma,25.4259,0,7.88655,7.8,0.611037,0.230284,detectLogical_PV,subPhysical
393240,103,-1,gamma,25.4206,0,3.62082,7.8,1.37781,0.571164,detectLogical_PV,sourcePhysical
393499,105,-1,gamma,22.139,0,8.33117,7.76227,-3.63723,4.03929,detectLogical_PV,subPhysical
393645,125,-1,gamma,22.139,0,7.75874,7.8,-2.81309,0.480967,detectLogical_PV,subPhysical
394616,130,-1,gamma,24.8888,0,4.14836,7.8,-0.00758116,2.48764,detectLogical_PV,sourcePhysical
395937,122,-1,gamma,20.2453,0,4.709,7.8,3.04371,0.958664,detectLogical_PV,sourcePhysical
396448,108,-1,gamma,22.139,0,9.9426,7.8,2.26757,0.627019,detectLogical_PV,worldPhysical
399206,105,-1,gamma,22.139,0,10.6642,7.34112,-0.139773,2.04091,detectLogical_PV,subPhysical
399617,103,-1,gamma,25.4206,0,8.50663,7.34363,3.5517,0.663675,detectLogical_PV,sourcePhysical
399767,114,-1,gamma,22.139,0,6.37415,7.8,-0.847137,0.416844,detectLogical_PV,subPhysical
399832,141,-1,gamma,24.9205,0,3.35373,7.8,-0.436489,2.11206,detectLogical_PV,subPhysical
400269,106,-1,gamma,24.8855,0,6.51285,7.70741,-3.99704,0.864557,detectLogical_PV,subPhysical
401602,111,-1,gamma,21.5067,0,4.46663,7.8,-3.30069,3.91536,detectLogical_PV,subPhysical
402148,106,-1,gamma,24.1696,0,3.2499,7.8,-0.619013,0.94829,detectLogical_PV,subPhysical
402623,105,-1,gamma,22.139,0,10.4356,7.51205,-1.3399,2.17079,detectLogical_PV,sourcePhysical
403332,103,-1,gamma,25.4259,0,4.45246,7.8,0.116163,0.903416,detectLogical_PV,subPhysical
405335,123,-1,gamma,24.8888,0,6.02321,7.8,-3.76989,0.582705,detectLogical_PV,subPhysical
405561,112,-1,gamma,22.139,0,10.3301,7.55985,-1.60592,1.67007,detectLogical_PV,sourcePhysical
405921,110,-1,gamma,21.4182,0,5.59179,7.3,-0.697598,0.0460094,detectLogical_PV,subPhysical
408389,108,-1,gamma,21.9609,0,6.8738,7.69801,-3.99463,8.4244,detectLogical_PV,subPhysical
408435,118,-1,gamma,21.9609,0,4.93977,7.8,2.03086,4.28266,detectLogical_PV,sourcePhysical
408481,106,-1,gamma,24.9205,0,8.49075,7.34605,-3.55988,1.31845,detectLogical_PV,subPhysical
409327,109,-1,gamma,21.9609,0,3.19418,7.8,1.48568,7.80951,detectLogical_PV,subPhysical
409755,133,-1,gamma,22.139,0,3.25331,7.8,1.45493,1.62841,detectLogical_PV,sourcePhysical
411515,131,-1,gamma,24.9205,0,7.45691,7.8,3.74281,2.00771,detectLogical_PV,subPhysical
411638,108,-1,gamma,24.8888,0,6.39923,7.64604,-3.99105,4.33243,detectLogical_PV,subPhysical
412876,106,-1,gamma,22.139,0,3.72773,7.8,-2.03511,0.448098,detectLogical_PV,subPhysical
413299,106,-1,gamma,22.139,0,4.33418,7.8,2.34404,1.1573,detectLogical_PV,subPhysical
413511,112,-1,gamma,22.139,0,9.1761,7.8,-0.158148,1.02632,detectLogical_PV,subPhysical
414663,108,-1,gamma,20.7352,0,10.1704,7.51508,-1.9297,2.21379,detectLogical_PV,subPhysical
415271,108,-1,gamma,22.139,0,5.436,7.8,0.390615,0.12823,detectLogical_PV,sourcePhysical
416052,106,-1,gamma,22.139,0,5.95317,7.8,-3.11542,1.34428,detectLogical_PV,subPhysical
416219,106,-1,gamma,22.139,0,7.65733,7.8,-2.39724,0.8408,detectLogical_PV,worldPhysical
418621,110,-1,gamma,22.139,0,8.59288,7.8,-0.363604,1.84091,detectLogical_PV,subPhysical
421003,105,-1,gamma,24.8888,0,10.6522,7.51103,0.339536,3.18247,detectLogical_PV,subPhysical
423737,141,-1,gamma,22.139,0,4.65507,7.8,1.70529,0.0228648,detectLogical_PV,subPhysical
425466,127,-1,gamma,22.139,0,9.24044,7.8,0.481226,0.0907187,detectLogical_PV,subPhysical
431338,119,-1,gamma,21.9609,0,3.97288,7.8,1.32984,5.08627,detectLogical_PV,subPhysical
433672,137,-1,gamma,24.9205,0,8.69836,7.5636,3.44561,0.32123,detectLogical_PV,sourcePhysical
433948,110,-1,gamma,22.139,0,8.41088,7.45667,-3.59968,0.508575,detectLogical_PV,subPhysical
435468,123,-1,gamma,21.9609,0,6.79007,7.8,-3.48547,0.698294,detectLogical_PV,subPhysical
435519,132,-1,gamma,22.139,0,4.17263,7.8,0.668576,1.39083,detectLogical_PV,sourcePhysical
435738,107,-1,gamma,21.9609,0,9.41974,7.71946,2.90182,1.24261,detectLogical_PV,subPhysical
437226,118,-1,gamma,22.139,0,3.83978,7.8,-1.34897,3.42075,detectLogical_PV,subPhysical
437568,119,-1,gamma,24.9205,0,5.88068,7.8,-1.78054,0.0133226,detectLogical_PV,subPhysical
437911,126,-1,gamma,21.9609,0,6.61145,7.8,2.31563,0.641594,detectLogical_PV,sourcePhysical
438734,105,-1,gamma,24.9205,0,2.96028,7.8,0.87935,0.598381,detectLogical_PV,sourcePhysical
439402,122,-1,gamma,22.139,0,5.72378,7.47552,-3.88728,1.0393,detectLogical_PV,worldPhysical
440690,115,-1,gamma,22.139,0,3.33562,7.8,2.06661,3.95406,detectLogical_PV,sourcePhysical
441656,135,-1,gamma,22.139,0,4.92044,7.8,2.18482,0.262419,detectLogical_PV,subPhysical
442331,109,-1,gamma,22.139,0,7.52916,7.8,3.23811,2.23078,detectLogical_PV,subPhysical
442583,130,-1,gamma,22.139,0,3.05974,7.8,0.582972,0.0509105,detectLogical_PV,subPhysical
443870,119,-1,gamma,22.139,0,2.9734,7.8,1.24002,0.826733,detectLogical_PV,subPhysical
443935,115,-1,gamma,22.139,0,10.2575,7.60274,1.76232,2.82344,detectLogical_PV,worldPhysical
444057,119,-1,gamma,21.9609,0,9.98235,7.50261,2.23746,1.93981,detectLogical_PV,worldPhysical
444118,121,-1,gamma,21.9609,0,9.86499,7.30729,2.40224,1.81335,detectLogical_PV,subPhysical
444499,105,-1,gamma,21.9609,0,6.39936,7.8,3.18676,1.32459,detectLogical_PV,subPhysical
444741,117,-1,gamma,24.9205,0,6.21898,7.8,2.45457,0.143788,detectLogical_PV,subPhysical
444938,107,-1,gamma,22.139,0,5.77701,7.8,-0.947586,0.921283,detectLogical_PV,sourcePhysical
444997,131,-1,gamma,22.139,0,5.16458,7.8,-0.26968,1.4048,detectLogical_PV,sourcePhysical
446478,115,-1,gamma,22.139,0,5.22277,7.8,-0.243346,1.37092,detectLogical_PV,subPhysical
446836,122,-1,gamma,24.8888,0,3.94599,7.8,2.84365,2.54158,detectLogical_PV,subPhysical
446886,113,-1,gamma,21.9609,0,3.7657,7.8,-0.448781,0.233388,detectLogical_PV,subPhysical
451894,108,-1,gamma,21.9609,0,10.6622,7.33266,0.19002,0.904391,detectLogical_PV,worldPhysical
452902,117,-1,gamma,21.9609,0,9.48394,7.51634,2.83953,3.62108,detectLogical_PV,subPhysical
456184,138,-1,gamma,22.139,0,4.77216,7.8,-2.32614,1.66501,detectLogical_PV,subPhysical
457778,133,-1,gamma,22.139,0,10.3715,7.70709,1.50804,3.07179,detectLogical_PV,subPhysical
457929,107,-1,gamma,21.0623,0,3.77301,7.8,-2.51662,0.823982,detectLogical_PV,subPhysical
460446,121,-1,gamma,22.139,0,8.50733,7.8,1.93105,1.96835,detectLogical_PV,subPhysical
460698,107,-1,gamma,24.9205,0,9.06472,7.8,-1.4319,7.06817,detectLogical_PV,subPhysical
460804,124,-1,gamma,25.4259,0,5.79182,7.8,-3.47677,0.0517452,detectLogical_PV,subPhysical
461023,104,-1,gamma,22.139,0,10.0191,7.37737,-2.18196,1.76392,detectLogical_PV,subPhysical
461332,144,-1,gamma,22.139,0,9.07001,7.8,2.07639,3.69067,detectLogical_PV,subPhysical
461873,105,-1,gamma,24.9205,0,5.36719,7.8,-0.16884,2.423,detectLogical_PV,subPhysical
462659,138,-1,gamma,21.9609,0,10.6382,7.41858,-0.47662,1.9497,detectLogical_PV,subPhysical
464520,109,-1,gamma,21.9609,0,6.68581,7.8,0.949677,0.491165,detectLogical_PV,subPhysical
464850,122,-1,gamma,22.139,0,4.82119,7.8,2.2395,0.476813,detectLogical_PV,subPhysical
464890,105,-1,gamma,21.9609,0,10.5138,7.69317,1.09521,3.15127,detectLogical_PV,worldPhysical
465266,109,-1,gamma,20.9544,0,6.46588,7.8,3.11469,0.232294,detectLogical_PV,sourcePhysical
465834,110,-1,gamma,22.139,0,9.90991,7.69279,2.34123,0.380538,detectLogical_PV,subPhysical
466253,110,-1,gamma,21.9609,0,6.69448,7.8,0.918002,1.80641,detectLogical_PV,subPhysical
466575,107,-1,gamma,20.8908,0,4.82658,7.8,-0.77578,0.490154,detectLogical_PV,sourcePhysical
467063,113,-1,gamma,22.139,0,6.59663,7.8,-0.286456,2.25411,detectLogical_PV,sourcePhysical
467900,115,-1,gamma,24.9205,0,9.29133,7.8,-1.56959,7.00671,detectLogical_PV,subPhysical
468457,128,-1,gamma,21.9609,0,4.79595,7.8,-1.24127,2.81894,detectLogical_PV,worldPhysical
469820,120,-1,gamma,24.9205,0,10.3693,7.50853,-1.51346,0.994511,detectLogical_PV,subPhysical
470630,126,-1,gamma,22.139,0,7.09372,7.8,-0.729087,1.10846,detectLogical_PV,subPhysical
471929,107,-1,gamma,22.139,0,3.2514,7.8,0.319598,2.70909,detectLogical_PV,subPhysical
473288,135,-1,gamma,20.6583,0,3.26943,7.8,0.674464,3.85164,detectLogical_PV,sourcePhysical
475640,106,-1,gamma,24.8888,0,6.64017,7.8,3.5949,0.204054,detectLogical_PV,worldPhysical
475891,120,-1,gamma,19.8669,0,4.76088,7.8,2.43241,0.579768,detectLogical_PV,sourcePhysical
476661,117,-1,gamma,21.9609,0,6.69711,7.8,-1.60327,2.01956,detectLogical_PV,sourcePhysical
477038,121,-1,gamma,22.139,0,8.7365,7.8,-1.56365,0.642992,detectLogical_PV,subPhysical
480831,108,-1,gamma,24.8888,0,10.6148,7.79566,-0.641963,1.0651,detectLogical_PV,subPhysical
480930,107,-1,gamma,20.3191,0,10.5417,7.5596,0.991979,2.88512,detectLogical_PV,sourcePhysical
481421,104,-1,gamma,24.9205,0,4.52876,7.8,3.22162,4.21257,detectLogical_PV,subPhysical
482049,109,-1,gamma,21.9609,0,3.35585,7.8,-0.412329,1.61098,detectLogical_PV,worldPhysical
482113,122,-1,gamma,22.139,0,3.12137,7.8,-0.557897,0.573665,detectLogical_PV,subPhysical
482601,106,-1,gamma,21.9609,0,6.76156,7.8,0.509584,0.547733,detectLogical_PV,subPhysical
482990,114,-1,gamma,22.139,0,4.4399,7.8,0.183441,2.98833,detectLogical_PV,subPhysical
483281,124,-1,gamma,24.8888,0,6.08935,7.32178,-3.95812,2.54323,detectLogical_PV,subPhysical
485070,133,-1,gamma,22.139,0,9.09523,7.8,2.393,1.94389,detectLogical_PV,worldPhysical
485081,108,-1,gamma,22.139,0,8.00913,7.8,-0.210335,0.25812,detectLogical_PV,subPhysical
486948,115,-1,gamma,22.139,0,5.60434,7.8,-1.01555,0.13916,detectLogical_PV,subPhysical
487107,106,-1,gamma,22.139,0,5.86024,7.8,0.52977,0.25951,detectLogical_PV,subPhysical
487547,105,-1,gamma,22.139,0,4.20982,7.8,2.58665,1.21849,detectLogical_PV,sourcePhysical
488677,138,-1,gamma,24.8888,0,9.63068,7.8,-2.19207,0.585376,detectLogical_PV,subPhysical
490706,139,-1,gamma,24.9205,0,3.58211,7.8,-2.44073,0.297485,detectLogical_PV,subPhysical
490885,125,-1,gamma,22.139,0,5.5654,7.8,-2.63639,1.58644,detectLogical_PV,sourcePhysical
491519,114,-1,gamma,22.139,0,8.7191,7.8,-2.57129,2.51465,detectLogical_PV,subPhysical
491851,105,-1,gamma,24.9205,0,4.60925,7.8,2.98909,2.51482,detectLogical_PV,sourcePhysical
492190,116,-1,gamma,21.9609,0,7.45422,7.8,-3.20254,0.253779,detectLogical_PV,subPhysical
492290,138,-1,gamma,21.9609,0,9.54598,7.52158,-2.77661,2.17511,detectLogical_PV,subPhysical
494705,107,-1,gamma,24.9205,0,4.18415,7.8,-1.95065,7.56395,detectLogical_PV,worldPhysical
495169,110,-1,gamma,22.139,0,7.28028,7.8,3.7715,1.30722,detectLogical_PV,sourcePhysical
496637,139,-1,gamma,24.8888,0,3.50151,7.8,1.07811,1.09515,detectLogical_PV,sourcePhysical
497164,127,-1,gamma,24.8265,0,6.95145,7.8,1.37643,0.116135,detectLogical_PV,sourcePhysical
497296,109,-1,gamma,21.9609,0,3.39337,7.8,2.13706,2.40439,detectLogical_PV,sourcePhysical
497663,135,-1,gamma,24.8888,0,7.81344,7.8,1.48635,0.716612,detectLogical_PV,sourcePhysical
497762,115,-1,gamma,22.139,0,7.91484,7.8,0.382518,0.44904,detectLogical_PV,subPhysical
